Plot Title: 10859595					
#	Date Time GMT-05:00	Temp °C (LGR S/N: 10859595 SEN S/N: 10868938)	Water Content m³/m³ (LGR S/N: 10859595 SEN S/N: 10879369)	Temp °C (LGR S/N: 10859595 SEN S/N: 10981827)	Water Content m³/m³ (LGR S/N: 10859595 SEN S/N: 11000470)
1	2/10/2017 19:10	13.473	-0.221	12.992	-0.289
2	2/10/2017 20:10	12.703	0.3451	11.929	0.1859
3	2/10/2017 21:10	12.461	0.3432	11.71	0.1895
4	2/10/2017 22:10	12.195	0.3461	11.686	0.1926
5	2/10/2017 23:10	12.268	0.35	11.783	0.1945
6	2/11/2017 0:10	12.243	0.3677	11.783	0.1976
7	2/11/2017 1:10	11.832	0.3859	11.248	0.2083
8	2/11/2017 2:10	11.783	0.3872	11.2	0.2232
9	2/11/2017 3:10	11.467	0.3758	10.932	0.2311
10	2/11/2017 4:10	11.248	0.3677	10.81	0.2363
11	2/11/2017 5:10	10.198	0.3628	9.928	0.2383
12	2/11/2017 6:10	10.149	0.3594	9.706	0.2399
13	2/11/2017 7:10	9.336	0.3573	8.965	0.2399
14	2/11/2017 8:10	8.394	0.3557	8.245	0.2406
15	2/11/2017 9:10	7.945	0.3553	7.87	0.2399
16	2/11/2017 10:10	8.045	0.3542	7.895	0.2403
17	2/11/2017 11:10	10.932	0.3542	9.632	0.239
18	2/11/2017 12:10	12.509	0.3531	10.32	0.239
19	2/11/2017 13:10	21.223	0.3526	19.341	0.2371
20	2/11/2017 14:10	15.127	0.35	12.098	0.2394
21	2/11/2017 15:10	15.055	0.349	12.678	0.2394
22	2/11/2017 16:10	11.929	0.3471	9.854	0.2403
23	2/11/2017 17:10	13.209	0.3466	11.419	0.239
24	2/11/2017 18:10	10.296	0.3447	9.287	0.2394
25	2/11/2017 19:10	10.222	0.3437	8.643	0.2383
26	2/11/2017 20:10	9.188	0.3432	8.245	0.2379
27	2/11/2017 21:10	8.767	0.3422	8.17	0.2374
28	2/11/2017 22:10	8.841	0.3422	8.27	0.2371
29	2/11/2017 23:10	8.841	0.3418	8.369	0.2363
30	2/12/2017 0:10	7.419	0.3408	7.318	0.2358
31	2/12/2017 1:10	6.535	0.3403	6.535	0.2358
32	2/12/2017 2:10	6.077	0.3399	6.255	0.2358
33	2/12/2017 3:10	5.796	0.3399	5.462	0.2355
34	2/12/2017 4:10	5.77	0.3393	5.77	0.2351
35	2/12/2017 5:10	5.693	0.3393	6.281	0.2344
36	2/12/2017 6:10	4.766	0.3389	4.947	0.2351
37	2/12/2017 7:10	4.324	0.3384	4.506	0.2335
38	2/12/2017 8:10	4.428	0.3384	4.947	0.233
39	2/12/2017 9:10	4.506	0.3384	5.437	0.233
40	2/12/2017 10:10	4.089	0.338	4.506	0.233
41	2/12/2017 11:10	9.632	0.3393	9.485	0.2315
42	2/12/2017 12:10	13.81	0.3412	13.112	0.2306
43	2/12/2017 13:10	19.936	0.3427	22.202	0.2282
44	2/12/2017 14:10	20.936	0.3432	19.508	0.2315
45	2/12/2017 15:10	23.617	0.3447	25.525	0.2303
46	2/12/2017 16:10	24.436	0.3441	25.525	0.2315
47	2/12/2017 17:10	24.823	0.3441	27.136	0.2311
48	2/12/2017 18:10	22.369	0.3432	23.4	0.2335
49	2/12/2017 19:10	18.438	0.3408	18.01	0.233
50	2/12/2017 20:10	15.891	-0.1912	17.724	-0.267
51	2/12/2017 21:10	10.443	-0.1987	10.907	-0.2732
52	2/12/2017 22:10	9.287	-0.2	9.682	-0.2732
53	2/12/2017 23:10	8.668	-0.1987	9.139	-0.2732
54	2/13/2017 0:10	8.195	-0.1974	8.742	-0.2716
55	2/13/2017 1:10	7.77	-0.1962	8.543	-0.2701
56	2/13/2017 2:10	6.484	-0.1887	7.343	-0.2655
57	2/13/2017 3:10	5.949	-0.1826	6.94	-0.2594
58	2/13/2017 4:10	5.437	-0.1755	6.535	-0.2535
59	2/13/2017 5:10	4.74	-0.1685	5.898	-0.2476
60	2/13/2017 6:10	4.402	-0.1594	5.565	-0.2433
61	2/13/2017 7:10	3.827	-0.1538	4.947	-0.2404
62	2/13/2017 8:10	3.459	-0.1495	4.662	-0.2362
63	2/13/2017 9:10	4.011	-0.1517	5.231	-0.2334
64	2/13/2017 10:10	3.538	-0.1538	4.376	-0.2348
65	2/13/2017 11:10	9.287	-0.1708	10.858	-0.264
66	2/13/2017 12:10	16.844	-0.1838	20.007	-0.2686
67	2/13/2017 13:10	23.064	-0.1937	26.72	-0.267
68	2/13/2017 14:10	28.023	-0.1875	29.34	-0.264
69	2/13/2017 15:10	31.689	-0.1875	31.433	-0.2625
70	2/13/2017 16:10	33.6	-0.1912	32.021	-0.264
71	2/13/2017 17:10	31.868	-0.1924	30.117	-0.267
72	2/13/2017 18:10	34.387	-0.1912	31.561	-0.267
73	2/13/2017 19:10	26.402	-0.1949	24.146	-0.2701
74	2/13/2017 20:10	20.388	-0.1974	18.509	-0.2716
75	2/13/2017 21:10	14.29	-0.2	14.625	-0.2747
76	2/13/2017 22:10	12.606	-0.2012	12.582	-0.2732
77	2/13/2017 23:10	11.734	-0.2012	11.637	-0.2747
78	2/14/2017 0:10	11.053	-0.1987	10.956	-0.2747
79	2/14/2017 1:10	10.736	-0.1974	10.932	-0.2747
80	2/14/2017 2:10	10.198	-0.1949	10.149	-0.2747
81	2/14/2017 3:10	9.41	-0.1962	9.04	-0.2732
82	2/14/2017 4:10	9.188	-0.1962	9.04	-0.2732
83	2/14/2017 5:10	7.97	-0.1974	7.544	-0.2732
84	2/14/2017 6:10	9.41	-0.1962	9.46	-0.2732
85	2/14/2017 7:10	8.593	-0.1949	8.22	-0.2716
86	2/14/2017 8:10	7.77	-0.1924	8.27	-0.2701
87	2/14/2017 9:10	7.268	-0.1838	7.795	-0.2625
88	2/14/2017 10:10	6.94	-0.1755	7.393	-0.258
89	2/14/2017 11:10	10.1	-0.1838	10.541	-0.2701
90	2/14/2017 12:10	15.557	-0.1887	17.249	-0.2701
91	2/14/2017 13:10	22.824	-0.1887	23.905	-0.2686
92	2/14/2017 14:10	28.941	-0.1875	30.066	-0.2655
93	2/14/2017 15:10	33.209	-0.1875	33.521	-0.2655
94	2/14/2017 16:10	35.77	-0.1887	35.77	-0.2655
95	2/14/2017 17:10	36.039	-0.1912	33.131	-0.2655
96	2/14/2017 18:10	35.315	-0.1924	33.443	-0.2686
97	2/14/2017 19:10	28.32	-0.1962	25.331	-0.2701
98	2/14/2017 20:10	21.819	-0.1987	19.436	-0.2732
99	2/14/2017 21:10	14.649	-0.2025	14.433	-0.2747
100	2/14/2017 22:10	12.558	-0.2025	12.098	-0.2732
101	2/14/2017 23:10	11.443	-0.2	11.029	-0.2716
102	2/15/2017 0:10	10.345	-0.2012	9.854	-0.2716
103	2/15/2017 1:10	9.534	-0.1987	9.238	-0.2686
104	2/15/2017 2:10	8.717	-0.1987	8.245	-0.2686
105	2/15/2017 3:10	8.145	-0.1974	7.494	-0.267
106	2/15/2017 4:10	7.695	-0.1987	7.419	-0.267
107	2/15/2017 5:10	7.494	-0.2012	7.368	-0.2701
108	2/15/2017 6:10	7.895	-0.2025	7.945	-0.2701
109	2/15/2017 7:10	7.343	-0.2038	7.519	-0.2716
110	2/15/2017 8:10	6.788	-0.2051	7.142	-0.2716
111	2/15/2017 9:10	6.687	-0.2051	6.763	-0.2716
112	2/15/2017 10:10	6.051	-0.2051	6	-0.2701
113	2/15/2017 11:10	14.936	-0.2038	17.724	-0.2701
114	2/15/2017 12:10	19.318	-0.2051	20.889	-0.2701
115	2/15/2017 13:10	26.793	-0.2025	30.041	-0.267
116	2/15/2017 14:10	30.343	-0.1987	30.041	-0.267
117	2/15/2017 15:10	31.816	-0.2	33.261	-0.2686
118	2/15/2017 16:10	30.217	-0.2012	31.791	-0.2701
119	2/15/2017 17:10	26.989	-0.2038	27.85	-0.2716
120	2/15/2017 18:10	30.016	-0.2025	30.495	-0.2701
121	2/15/2017 19:10	29.79	-0.2038	29.54	-0.2701
122	2/15/2017 20:10	19.008	-0.2064	18.699	-0.2747
123	2/15/2017 21:10	15.175	-0.2103	14.529	-0.2747
124	2/15/2017 22:10	14.96	-0.209	14.792	-0.2747
125	2/15/2017 23:10	12.582	-0.2103	11.807	-0.2747
126	2/16/2017 0:10	12.122	-0.209	12.122	-0.2747
127	2/16/2017 1:10	10.81	-0.209	10.565	-0.2747
128	2/16/2017 2:10	9.731	-0.2103	8.965	-0.2747
129	2/16/2017 3:10	8.941	-0.2103	8.618	-0.2732
130	2/16/2017 4:10	8.195	-0.209	7.192	-0.2716
131	2/16/2017 5:10	7.519	-0.2064	6.585	-0.2701
132	2/16/2017 6:10	7.343	-0.2012	6.889	-0.267
133	2/16/2017 7:10	6.763	-0.1987	6.077	-0.2625
134	2/16/2017 8:10	6.204	-0.1937	5.821	-0.2565
135	2/16/2017 9:10	6.051	-0.1863	5.796	-0.2505
136	2/16/2017 10:10	6.357	-0.1863	5.949	-0.252
137	2/16/2017 11:10	9.657	-0.2012	10.541	-0.2701
138	2/16/2017 12:10	12.968	-0.2103	12.847	-0.2716
139	2/16/2017 13:10	13.016	-0.2129	13.281	-0.2732
140	2/16/2017 14:10	12.05	-0.1628	11.346	-0.252
141	2/16/2017 15:10	11.977	-0.185	11.151	-0.2535
142	2/16/2017 16:10	12.968	-0.1838	12.678	-0.2565
143	2/16/2017 17:10	12.703	-0.1247	17.439	-0.2264
144	2/16/2017 18:10	12.485	-0.1287	15.652	-0.209
145	2/16/2017 19:10	11.151	-0.1561	14.601	-0.2169
146	2/16/2017 20:10	11.102	-0.1616	11.005	-0.221
147	2/16/2017 21:10	10.761	-0.1639	10.541	-0.221
148	2/16/2017 22:10	10.638	-0.1685	10.761	-0.2237
149	2/16/2017 23:10	10.369	-0.1358	10.565	-0.209
150	2/17/2017 0:10	10.369	-0.1327	12.968	-0.1974
151	2/17/2017 1:10	10.149	-0.1237	12.389	-0.1863
152	2/17/2017 2:10	10.075	-0.1389	13.088	-0.1863
153	2/17/2017 3:10	9.805	-0.1267	12.268	-0.1814
154	2/17/2017 4:10	9.78	-0.1327	12.871	-0.179
155	2/17/2017 5:10	9.805	-0.141	13.834	-0.1838
156	2/17/2017 6:10	9.829	-0.1218	12.195	-0.1708
157	2/17/2017 7:10	9.608	-0.1484	13.064	-0.1826
158	2/17/2017 8:10	9.485	-0.1572	13.329	-0.1875
159	2/17/2017 9:10	8.618	-0.1247	11.637	-0.1731
160	2/17/2017 10:10	8.394	-0.1227	10.834	-0.1696
161	2/17/2017 11:10	8.767	-0.1122	11.443	-0.1616
162	2/17/2017 12:10	9.139	-0.1131	12.025	-0.1594
163	2/17/2017 13:10	9.485	-0.1057	12.34	-0.141
164	2/17/2017 14:10	9.46	-0.0932	12.751	-0.142
165	2/17/2017 15:10	9.509	-0.0436	12.944	-0.1218
166	2/17/2017 16:10	9.805	-0.0572	13.497	-0.1198
167	2/17/2017 17:10	10.198	-0.0632	13.762	-0.1267
168	2/17/2017 18:10	10.051	-0.0757	13.954	-0.1337
169	2/17/2017 19:10	10.222	-0.0814	14.649	-0.1358
170	2/17/2017 20:10	9.756	-0.0789	14.481	-0.1389
171	2/17/2017 21:10	9.41	-0.0855	14.098	-0.1517
172	2/17/2017 22:10	9.46	-0.0976	12.751	-0.1743
173	2/17/2017 23:10	9.114	-0.095	11.662	-0.1731
174	2/18/2017 0:10	9.064	-0.0976	11.394	-0.179
175	2/18/2017 1:10	9.163	-0.1012	11.734	-0.1814
176	2/18/2017 2:10	9.114	-0.0789	12.509	-0.1463
177	2/18/2017 3:10	9.114	-0.0994	13.714	-0.1708
178	2/18/2017 4:10	9.015	-0.1003	13.329	-0.1719
179	2/18/2017 5:10	8.941	-0.0967	13.618	-0.1708
180	2/18/2017 6:10	8.419	-0.0994	13.257	-0.1731
181	2/18/2017 7:10	8.419	-0.1012	13.353	-0.1731
182	2/18/2017 8:10	8.568	-0.1039	13.642	-0.1708
183	2/18/2017 9:10	8.12	-0.1075	12.823	-0.1708
184	2/18/2017 10:10	8.593	-0.1012	13.137	-0.1708
185	2/18/2017 11:10	9.682	-0.1048	13.858	-0.1778
186	2/18/2017 12:10	11.516	-0.1085	14.146	-0.1838
187	2/18/2017 13:10	14.529	-0.0994	17.915	-0.1814
188	2/18/2017 14:10	19.365	-0.1287	22.274	-0.2116
189	2/18/2017 15:10	19.318	-0.1452	21.604	-0.2156
190	2/18/2017 16:10	17.701	-0.1528	17.534	-0.2183
191	2/18/2017 17:10	17.51	-0.1179	20.841	-0.1949
192	2/18/2017 18:10	21.939	-0.1463	21.7	-0.2129
193	2/18/2017 19:10	17.201	-0.1538	16.987	-0.2196
194	2/18/2017 20:10	13.546	-0.1549	12.34	-0.2196
195	2/18/2017 21:10	12.195	-0.1549	11.102	-0.2183
196	2/18/2017 22:10	10.761	-0.1517	10.075	-0.2156
197	2/18/2017 23:10	10.394	-0.1495	9.706	-0.2169
198	2/19/2017 0:10	10.075	-0.1517	9.632	-0.2169
199	2/19/2017 1:10	9.879	-0.1484	9.534	-0.2156
200	2/19/2017 2:10	9.509	-0.1247	10.271	-0.1974
201	2/19/2017 3:10	9.312	-0.1277	9.928	-0.1987
202	2/19/2017 4:10	8.866	-0.1327	8.767	-0.2025
203	2/19/2017 5:10	8.494	-0.141	8.02	-0.2116
204	2/19/2017 6:10	8.195	-0.1452	7.795	-0.2156
205	2/19/2017 7:10	8.095	-0.1463	7.569	-0.2156
206	2/19/2017 8:10	7.945	-0.1452	7.519	-0.2156
207	2/19/2017 9:10	7.87	-0.1452	7.544	-0.2156
208	2/19/2017 10:10	7.92	-0.1463	7.494	-0.2156
209	2/19/2017 11:10	10.222	-0.1473	10.222	-0.2169
210	2/19/2017 12:10	12.268	-0.1528	12.944	-0.2183
211	2/19/2017 13:10	17.772	-0.1538	18.699	-0.2183
212	2/19/2017 14:10	22.992	-0.1549	26.28	-0.2169
213	2/19/2017 15:10	19.032	-0.1616	19.888	-0.2223
214	2/19/2017 16:10	21.891	-0.1616	22.585	-0.2223
215	2/19/2017 17:10	17.486	-0.165	18.152	-0.225
216	2/19/2017 18:10	14.409	-0.1327	14.505	-0.2038
217	2/19/2017 19:10	13.04	-0.1003	16.892	-0.1743
218	2/19/2017 20:10	12.316	-0.103	16.415	-0.165
219	2/19/2017 21:10	11.589	-0.0889	15.247	-0.1517
220	2/19/2017 22:10	11.321	-0.0932	15.318	-0.1561
221	2/19/2017 23:10	10.858	-0.0693	14.17	-0.1327
222	2/20/2017 0:10	10.687	-0.0725	14.409	-0.1399
223	2/20/2017 1:10	10.687	-0.0881	15.414	-0.1616
224	2/20/2017 2:10	10.834	-0.0967	15.939	-0.1708
225	2/20/2017 3:10	11.224	-0.1048	14.96	-0.1755
226	2/20/2017 4:10	11.273	-0.1094	13.233	-0.1814
227	2/20/2017 5:10	11.224	-0.1131	13.305	-0.1838
228	2/20/2017 6:10	11.565	-0.0967	13.618	-0.1662
229	2/20/2017 7:10	11.613	-0.0749	15.676	-0.1379
230	2/20/2017 8:10	11.686	-0.0822	14.792	-0.1616
231	2/20/2017 9:10	11.71	-0.0932	13.57	-0.1708
232	2/20/2017 10:10	11.856	-0.1012	13.594	-0.1743
233	2/20/2017 11:10	12.992	-0.1141	14.481	-0.1937
234	2/20/2017 12:10	17.463	-0.1237	21.748	-0.2103
235	2/20/2017 13:10	17.13	-0.1337	18.628	-0.2129
236	2/20/2017 14:10	14.505	-0.1399	15.366	-0.2143
237	2/20/2017 15:10	17.034	-0.1441	18.58	-0.2143
238	2/20/2017 16:10	24.484	-0.1484	27.038	-0.2169
239	2/20/2017 17:10	23.713	-0.1561	25.016	-0.2223
240	2/20/2017 18:10	25.137	-0.1594	24.484	-0.225
241	2/20/2017 19:10	18.319	-0.1685	16.915	-0.2306
242	2/20/2017 20:10	15.39	-0.1594	15.008	-0.2196
243	2/20/2017 21:10	13.04	-0.1685	13.353	-0.2292
244	2/20/2017 22:10	12.243	-0.1685	12.92	-0.2292
245	2/20/2017 23:10	11.151	-0.1639	12.364	-0.2306
246	2/21/2017 0:10	10.369	-0.1639	11.734	-0.2306
247	2/21/2017 1:10	9.829	-0.165	12.074	-0.2334
248	2/21/2017 2:10	9.682	-0.165	11.346	-0.232
249	2/21/2017 3:10	10.075	-0.1639	11.929	-0.232
250	2/21/2017 4:10	10.394	-0.1639	11.759	-0.2306
251	2/21/2017 5:10	10.858	-0.1616	12.122	-0.2292
252	2/21/2017 6:10	11.37	-0.1616	12.92	-0.2292
253	2/21/2017 7:10	11.102	-0.1616	12.92	-0.2278
254	2/21/2017 8:10	11.224	-0.1616	12.992	-0.2264
255	2/21/2017 9:10	10.883	-0.1616	12.871	-0.225
256	2/21/2017 10:10	11.151	-0.1605	12.847	-0.225
257	2/21/2017 11:10	12.703	-0.1572	15.151	-0.225
258	2/21/2017 12:10	16.82	-0.1561	21.724	-0.225
259	2/21/2017 13:10	20.269	-0.1561	25.38	-0.2278
260	2/21/2017 14:10	23.184	-0.1594	27.505	-0.2334
261	2/21/2017 15:10	23.761	-0.165	24.895	-0.239
262	2/21/2017 16:10	24.871	-0.1685	27.653	-0.2404
263	2/21/2017 17:10	22.753	-0.1719	24.412	-0.2433
264	2/21/2017 18:10	21.7	-0.1708	22.13	-0.2433
265	2/21/2017 19:10	16.272	-0.1755	15.819	-0.2462
266	2/21/2017 20:10	14.457	-0.1755	13.906	-0.2462
267	2/21/2017 21:10	12.34	-0.1778	10.907	-0.2447
268	2/21/2017 22:10	10.761	-0.1743	9.608	-0.2433
269	2/21/2017 23:10	10.149	-0.1719	8.866	-0.2404
270	2/22/2017 0:10	10.296	-0.165	9.188	-0.2348
271	2/22/2017 1:10	9.583	-0.1639	8.916	-0.2334
272	2/22/2017 2:10	8.668	-0.1561	7.895	-0.225
273	2/22/2017 3:10	9.435	-0.1528	8.593	-0.221
274	2/22/2017 4:10	9.46	-0.1528	8.866	-0.221
275	2/22/2017 5:10	9.386	-0.1179	11.589	-0.1987
276	2/22/2017 6:10	7.72	-0.1189	13.233	-0.1937
277	2/22/2017 7:10	7.066	-0.1179	12.582	-0.1863
278	2/22/2017 8:10	7.393	-0.1247	13.209	-0.1887
279	2/22/2017 9:10	7.87	-0.1267	13.305	-0.1912
280	2/22/2017 10:10	8.17	-0.1247	13.522	-0.1875
281	2/22/2017 11:10	10.516	-0.1337	15.055	-0.1962
282	2/22/2017 12:10	12.05	-0.1463	14.553	-0.2103
283	2/22/2017 13:10	13.016	-0.1169	18.081	-0.2
284	2/22/2017 14:10	23.761	-0.1517	21.581	-0.2237
285	2/22/2017 15:10	16.63	-0.1628	15.867	-0.232
286	2/22/2017 16:10	23.232	-0.1639	27.358	-0.2334
287	2/22/2017 17:10	17.891	-0.1708	17.724	-0.2404
288	2/22/2017 18:10	20.507	-0.1731	22.585	-0.2419
289	2/22/2017 19:10	14.553	-0.1802	13.57	-0.2462
290	2/22/2017 20:10	11.516	-0.1838	10.222	-0.2476
291	2/22/2017 21:10	8.22	-0.185	7.091	-0.2476
292	2/22/2017 22:10	7.242	-0.1838	5.745	-0.2462
293	2/22/2017 23:10	6.204	-0.1814	4.115	-0.2433
294	2/23/2017 0:10	6.255	-0.1778	4.662	-0.2419
295	2/23/2017 1:10	5.565	-0.1778	4.22	-0.2419
296	2/23/2017 2:10	5.231	-0.1743	4.428	-0.2404
297	2/23/2017 3:10	5.693	-0.1743	4.584	-0.2404
298	2/23/2017 4:10	4.869	-0.1743	3.327	-0.2404
299	2/23/2017 5:10	3.168	-0.1696	1.67	-0.2348
300	2/23/2017 6:10	2.53	-0.1639	1.507	-0.2292
301	2/23/2017 7:10	1.805	-0.1594	1.071	-0.2237
302	2/23/2017 8:10	1.425	-0.1538	0.687	-0.2183
303	2/23/2017 9:10	0.77	-0.1517	-0.227	-0.2143
304	2/23/2017 10:10	1.044	-0.1473	0.55	-0.2103
305	2/23/2017 11:10	5.668	-0.1517	9.879	-0.2334
306	2/23/2017 12:10	11.516	-0.1719	17.558	-0.2376
307	2/23/2017 13:10	16.439	-0.1731	17.748	-0.2404
308	2/23/2017 14:10	20.055	-0.1755	20.865	-0.2419
309	2/23/2017 15:10	23.4	-0.1755	26.378	-0.2433
310	2/23/2017 16:10	23.881	-0.179	26.28	-0.2462
311	2/23/2017 17:10	24.968	-0.1802	22.202	-0.2462
312	2/23/2017 18:10	24.146	-0.1826	21.772	-0.2476
313	2/23/2017 19:10	19.77	-0.1863	17.486	-0.2505
314	2/23/2017 20:10	10.001	-0.1949	7.845	-0.2535
315	2/23/2017 21:10	7.444	-0.1949	5.488	-0.2535
316	2/23/2017 22:10	6.255	-0.1949	4.35	-0.252
317	2/23/2017 23:10	5.334	-0.1924	2.956	-0.2505
318	2/24/2017 0:10	4.298	-0.1887	1.724	-0.2462
319	2/24/2017 1:10	3.406	-0.1826	1.425	-0.2404
320	2/24/2017 2:10	2.53	-0.1802	0.934	-0.2362
321	2/24/2017 3:10	1.805	-0.1802	0.412	-0.2348
322	2/24/2017 4:10	1.371	-0.1802	0.55	-0.2334
323	2/24/2017 5:10	0.797	-0.1743	-0.116	-0.2292
324	2/24/2017 6:10	0.329	-0.1887	-0.535	-0.2376
325	2/24/2017 7:10	-0.032	-0.1875	-0.171	-0.2404
326	2/24/2017 8:10	-0.116	-0.1887	-0.62	-0.2404
327	2/24/2017 9:10	-0.339	-0.1875	-0.367	-0.239
328	2/24/2017 10:10	0.051	-0.1863	0.246	-0.239
329	2/24/2017 11:10	3.827	-0.1731	7.066	-0.2362
330	2/24/2017 12:10	10.001	-0.1838	13.04	-0.2447
331	2/24/2017 13:10	14.96	-0.1826	17.13	-0.2462
332	2/24/2017 14:10	19.318	-0.1838	19.746	-0.2462
333	2/24/2017 15:10	23.208	-0.1838	22.25	-0.2462
334	2/24/2017 16:10	25.21	-0.1838	22.609	-0.2476
335	2/24/2017 17:10	25.793	-0.185	23.016	-0.2491
336	2/24/2017 18:10	23.881	-0.1887	19.246	-0.2505
337	2/24/2017 19:10	20.031	-0.1912	15.724	-0.252
338	2/24/2017 20:10	14.601	-0.1949	11.224	-0.2535
339	2/24/2017 21:10	8.27	-0.1974	7.293	-0.255
340	2/24/2017 22:10	6.179	-0.1987	5.411	-0.255
341	2/24/2017 23:10	5.024	-0.1974	4.272	-0.255
342	2/25/2017 0:10	3.958	-0.1974	2.101	-0.2535
343	2/25/2017 1:10	3.248	-0.1962	1.913	-0.252
344	2/25/2017 2:10	2.396	-0.1949	0.962	-0.2491
345	2/25/2017 3:10	1.588	-0.1937	0.632	-0.2476
346	2/25/2017 4:10	0.934	-0.1924	0.079	-0.2462
347	2/25/2017 5:10	0.495	-0.1937	-0.116	-0.2447
348	2/25/2017 6:10	-0.004	-0.1937	-0.507	-0.2433
349	2/25/2017 7:10	-0.591	-0.1949	-1.157	-0.2419
350	2/25/2017 8:10	-0.873	-0.2	-1.356	-0.2476
351	2/25/2017 9:10	-1.015	-0.2038	-2.596	-0.2491
352	2/25/2017 10:10	-0.732	-0.2025	-1.27	-0.2476
353	2/25/2017 11:10	3.512	-0.1912	3.827	-0.2491
354	2/25/2017 12:10	11.005	-0.1875	14.864	-0.2491
355	2/25/2017 13:10	18.295	-0.1863	20.936	-0.2476
356	2/25/2017 14:10	15.581	-0.1912	14.361	-0.252
357	2/25/2017 15:10	15.031	-0.1912	15.819	-0.2535
358	2/25/2017 16:10	14.457	-0.1924	15.103	-0.2535
359	2/25/2017 17:10	11.977	-0.1962	12.219	-0.255
360	2/25/2017 18:10	12.461	-0.1949	12.799	-0.255
361	2/25/2017 19:10	11.807	-0.1962	12.025	-0.255
362	2/25/2017 20:10	12.413	-0.1962	11.029	-0.255
363	2/25/2017 21:10	5.642	-0.2	5.334	-0.2565
364	2/25/2017 22:10	4.402	-0.2	4.168	-0.2565
365	2/25/2017 23:10	4.089	-0.1974	4.011	-0.2535
366	2/26/2017 0:10	3.906	-0.1974	3.327	-0.2535
367	2/26/2017 1:10	4.454	-0.1949	3.958	-0.252
368	2/26/2017 2:10	4.636	-0.1949	4.376	-0.252
369	2/26/2017 3:10	4.428	-0.1924	4.141	-0.2505
370	2/26/2017 4:10	4.115	-0.1838	4.063	-0.2404
371	2/26/2017 5:10	4.168	-0.1937	4.063	-0.2491
372	2/26/2017 6:10	3.958	-0.1075	9.015	-0.1987
373	2/26/2017 7:10	3.932	-0.1048	8.618	-0.1887
374	2/26/2017 8:10	3.88	-0.1169	7.995	-0.1838
375	2/26/2017 9:10	4.011	-0.1277	8.742	-0.1924
376	2/26/2017 10:10	4.636	-0.1317	9.928	-0.1937
377	2/26/2017 11:10	7.494	-0.1389	11.297	-0.2012
378	2/26/2017 12:10	14.29	-0.1538	19.817	-0.2306
379	2/26/2017 13:10	19.817	-0.1639	24.895	-0.2362
380	2/26/2017 14:10	16.511	-0.1755	14.768	-0.2447
381	2/26/2017 15:10	22.968	-0.179	22.058	-0.2447
382	2/26/2017 16:10	24.702	-0.1814	21.819	-0.2462
383	2/26/2017 17:10	20.269	-0.185	20.222	-0.2505
384	2/26/2017 18:10	16.058	-0.1875	16.249	-0.252
385	2/26/2017 19:10	11.321	-0.1912	10.736	-0.2535
386	2/26/2017 20:10	9.558	-0.1912	9.262	-0.252
387	2/26/2017 21:10	9.015	-0.1912	8.519	-0.252
388	2/26/2017 22:10	7.242	-0.1887	6.712	-0.2505
389	2/26/2017 23:10	5.924	-0.1863	5.514	-0.2462
390	2/27/2017 0:10	5.179	-0.1802	4.869	-0.239
391	2/27/2017 1:10	5.128	-0.1731	5.205	-0.232
392	2/27/2017 2:10	5.231	-0.1662	5.334	-0.225
393	2/27/2017 3:10	5.949	-0.1639	6.281	-0.2237
394	2/27/2017 4:10	5.693	-0.1628	5.847	-0.2223
395	2/27/2017 5:10	5.539	-0.165	5.642	-0.2237
396	2/27/2017 6:10	5.024	-0.1662	5.179	-0.2237
397	2/27/2017 7:10	5.205	-0.1662	5.308	-0.2237
398	2/27/2017 8:10	5.257	-0.1538	5.565	-0.2156
399	2/27/2017 9:10	5.205	-0.1379	5.796	-0.2051
400	2/27/2017 10:10	6	-0.1287	8.045	-0.1974
401	2/27/2017 11:10	7.645	-0.1297	12.992	-0.1962
402	2/27/2017 12:10	8.369	-0.0898	12.364	-0.1743
403	2/27/2017 13:10	9.903	-0.1122	13.882	-0.1731
404	2/27/2017 14:10	11.953	-0.1317	14.002	-0.1875
405	2/27/2017 15:10	12.074	-0.1317	13.546	-0.1987
406	2/27/2017 16:10	16.392	-0.1441	16.725	-0.2143
407	2/27/2017 17:10	19.651	-0.1549	18.105	-0.225
408	2/27/2017 18:10	15.461	-0.165	13.81	-0.232
409	2/27/2017 19:10	12.606	-0.1227	15.652	-0.1924
410	2/27/2017 20:10	11.904	-0.1517	11.856	-0.2038
411	2/27/2017 21:10	7.77	-0.1628	7.645	-0.2116
412	2/27/2017 22:10	7.268	-0.1639	7.393	-0.2129
413	2/27/2017 23:10	7.242	-0.165	7.217	-0.2143
414	2/28/2017 0:10	6.204	-0.1639	6.128	-0.2116
415	2/28/2017 1:10	6.153	-0.1628	6.179	-0.2103
416	2/28/2017 2:10	5.745	-0.1628	5.745	-0.2116
417	2/28/2017 3:10	5.231	-0.1594	5.231	-0.2051
418	2/28/2017 4:10	3.854	-0.1561	3.854	-0.2012
419	2/28/2017 5:10	2.557	-0.1538	2.316	-0.1987
420	2/28/2017 6:10	2.074	-0.1495	2.477	-0.1937
421	2/28/2017 7:10	1.317	-0.1473	1.371	-0.1887
422	2/28/2017 8:10	0.88	-0.142	1.262	-0.185
423	2/28/2017 9:10	0.246	-0.2747	15.031	-0.2237
424	2/28/2017 10:10	1.398	-0.2826	6.839	-0.2404
425	2/28/2017 11:10	12.268	-0.2763	10.663	-0.2433
426	2/28/2017 12:10	19.127	-0.2747	12.992	-0.2433
427	2/28/2017 13:10	23.737	-0.2732	16.082	-0.2433
428	2/28/2017 14:10	27.284	-0.2732	18.343	-0.2433
429	2/28/2017 15:10	32.201	-0.2732	21.199	-0.2433
430	2/28/2017 16:10	31.842	-0.2732	22.011	-0.2419
431	2/28/2017 17:10	31.331	-0.2747	22.776	-0.2433
432	2/28/2017 18:10	24.702	-0.2779	19.365	-0.2462
433	2/28/2017 19:10	19.912	-0.281	17.748	-0.2476
434	2/28/2017 20:10	11.953	-0.2826	11.904	-0.2505
435	2/28/2017 21:10	7.444	-0.2874	7.594	-0.252
436	2/28/2017 22:10	6.026	-0.2842	6.255	-0.2535
437	2/28/2017 23:10	4.895	-0.2874	5.308	-0.2505
438	3/1/2017 0:10	4.115	-0.2842	4.48	-0.2535
439	3/1/2017 1:10	3.459	-0.289	3.827	-0.252
440	3/1/2017 2:10	2.717	-0.289	3.036	-0.255
441	3/1/2017 3:10	2.021	-0.289	2.316	-0.255
442	3/1/2017 4:10	1.588	-0.289	1.886	-0.255
443	3/1/2017 5:10	1.561	-0.289	2.021	-0.255
444	3/1/2017 6:10	1.044	-0.2858	1.453	-0.2535
445	3/1/2017 7:10	0.715	-0.2858	1.126	-0.252
446	3/1/2017 8:10	0.301	-0.2858	0.742	-0.252
447	3/1/2017 9:10	0.329	-0.2858	0.77	-0.252
448	3/1/2017 10:10	0.797	-0.2858	1.071	-0.252
449	3/1/2017 11:10	10.883	-0.2779	8.145	-0.2491
450	3/1/2017 12:10	18.461	-0.2763	14.625	-0.2476
451	3/1/2017 13:10	23.304	-0.2732	18.461	-0.2447
452	3/1/2017 14:10	26.867	-0.2732	21.342	-0.2433
453	3/1/2017 15:10	30.091	-0.2716	24.532	-0.2404
454	3/1/2017 16:10	30.243	-0.2716	24.388	-0.2404
455	3/1/2017 17:10	30.596	-0.2732	25.525	-0.2433
456	3/1/2017 18:10	25.866	-0.2763	21.628	-0.2447
457	3/1/2017 19:10	21.008	-0.2779	17.962	-0.2476
458	3/1/2017 20:10	15.843	-0.281	14.266	-0.2491
459	3/1/2017 21:10	10.051	-0.2826	10.149	-0.2505
460	3/1/2017 22:10	8.469	-0.2842	8.693	-0.2505
461	3/1/2017 23:10	7.393	-0.2842	7.795	-0.252
462	3/2/2017 0:10	5.898	-0.2842	6.763	-0.252
463	3/2/2017 1:10	5.898	-0.2826	6.255	-0.252
464	3/2/2017 2:10	4.999	-0.2826	5.385	-0.2505
465	3/2/2017 3:10	4.324	-0.2826	4.688	-0.2505
466	3/2/2017 4:10	3.67	-0.281	4.35	-0.2491
467	3/2/2017 5:10	2.289	-0.281	2.557	-0.2462
468	3/2/2017 6:10	3.301	-0.281	3.958	-0.2433
469	3/2/2017 7:10	2.343	-0.281	2.93	-0.2433
470	3/2/2017 8:10	2.101	-0.281	2.61	-0.2433
471	3/2/2017 9:10	1.859	-0.281	2.343	-0.2433
472	3/2/2017 10:10	2.396	-0.281	2.717	-0.2447
473	3/2/2017 11:10	14.505	-0.2732	11.151	-0.2433
474	3/2/2017 12:10	23.328	-0.2716	18.295	-0.2404
475	3/2/2017 13:10	21.127	-0.2732	17.677	-0.2419
476	3/2/2017 14:10	29.765	-0.2701	24.605	-0.2491
477	3/2/2017 15:10	27.776	-0.2716	23.4	-0.252
478	3/2/2017 16:10	31.281	-0.2701	26.72	-0.2505
479	3/2/2017 17:10	29.49	-0.2732	25.38	-0.2535
480	3/2/2017 18:10	28.295	-0.2732	24.219	-0.255
481	3/2/2017 19:10	24.388	-0.2763	21.246	-0.258
482	3/2/2017 20:10	19.08	-0.2779	17.201	-0.2594
483	3/2/2017 21:10	11.953	-0.281	12.316	-0.2625
484	3/2/2017 22:10	10.516	-0.281	10.834	-0.2655
485	3/2/2017 23:10	9.731	-0.281	10.198	-0.2655
486	3/3/2017 0:10	8.693	-0.281	9.336	-0.2655
487	3/3/2017 1:10	6.077	-0.2826	6	-0.2655
488	3/3/2017 2:10	6.661	-0.281	7.242	-0.2686
489	3/3/2017 3:10	5.334	-0.281	5.565	-0.267
490	3/3/2017 4:10	4.714	-0.281	4.999	-0.2686
491	3/3/2017 5:10	3.854	-0.2826	4.141	-0.2686
492	3/3/2017 6:10	3.433	-0.2826	3.749	-0.2686
493	3/3/2017 7:10	3.009	-0.2826	3.301	-0.267
494	3/3/2017 8:10	1.967	-0.2826	2.262	-0.267
495	3/3/2017 9:10	2.289	-0.2826	2.744	-0.267
496	3/3/2017 10:10	2.477	-0.2826	2.637	-0.2655
497	3/3/2017 11:10	15.079	-0.2732	11.88	-0.261
498	3/3/2017 12:10	22.537	-0.2716	18.461	-0.258
499	3/3/2017 13:10	27.776	-0.2701	22.633	-0.255
500	3/3/2017 14:10	35.395	-0.267	31.663	-0.2447
501	3/3/2017 15:10	37.645	-0.267	33.521	-0.2491
502	3/3/2017 16:10	37.288	-0.2686	34.097	-0.252
503	3/3/2017 17:10	37.37	-0.2701	34.44	-0.255
504	3/3/2017 18:10	34.836	-0.2701	31.204	-0.2594
505	3/3/2017 19:10	29.59	-0.2747	26.475	-0.264
506	3/3/2017 20:10	23.569	-0.2763	21.557	-0.267
507	3/3/2017 21:10	13.666	-0.281	14.026	-0.2701
508	3/3/2017 22:10	10.467	-0.2826	10.467	-0.2701
509	3/3/2017 23:10	8.817	-0.2826	9.139	-0.2701
510	3/4/2017 0:10	8.469	-0.2826	8.668	-0.2716
511	3/4/2017 1:10	8.07	-0.2826	8.494	-0.2716
512	3/4/2017 2:10	7.72	-0.2826	7.242	-0.2716
513	3/4/2017 3:10	7.217	-0.2826	7.343	-0.2716
514	3/4/2017 4:10	6.737	-0.2826	7.015	-0.2716
515	3/4/2017 5:10	5.024	-0.2826	5.128	-0.2716
516	3/4/2017 6:10	2.956	-0.2826	2.262	-0.2716
517	3/4/2017 7:10	3.168	-0.2826	2.69	-0.2701
518	3/4/2017 8:10	2.289	-0.2826	1.94	-0.2701
519	3/4/2017 9:10	2.289	-0.2826	2.797	-0.2686
520	3/4/2017 10:10	3.248	-0.2826	3.591	-0.267
521	3/4/2017 11:10	16.606	-0.2732	11.54	-0.261
522	3/4/2017 12:10	26.329	-0.2701	20.984	-0.2565
523	3/4/2017 13:10	30.9	-0.2686	25.404	-0.255
524	3/4/2017 14:10	38.004	-0.267	33.209	-0.2535
525	3/4/2017 15:10	34.572	-0.2701	31.382	-0.252
526	3/4/2017 16:10	34.176	-0.2701	30.369	-0.255
527	3/4/2017 17:10	27.21	-0.2747	24.532	-0.2594
528	3/4/2017 18:10	28.593	-0.2732	25.817	-0.2625
529	3/4/2017 19:10	21.27	-0.2794	19.341	-0.267
530	3/4/2017 20:10	16.606	-0.2794	15.533	-0.2701
531	3/4/2017 21:10	12.268	-0.2826	11.807	-0.2701
532	3/4/2017 22:10	10.051	-0.2826	9.485	-0.2716
533	3/4/2017 23:10	8.419	-0.2826	8.045	-0.2716
534	3/5/2017 0:10	7.293	-0.2826	7.116	-0.2701
535	3/5/2017 1:10	6.484	-0.2826	6.433	-0.2686
536	3/5/2017 2:10	5.539	-0.2826	5.024	-0.267
537	3/5/2017 3:10	5.205	-0.2779	5.385	-0.2565
538	3/5/2017 4:10	5.102	-0.2794	5.565	-0.2535
539	3/5/2017 5:10	4.662	-0.2779	5.282	-0.2505
540	3/5/2017 6:10	4.584	-0.281	5.36	-0.255
541	3/5/2017 7:10	4.376	-0.281	4.454	-0.2565
542	3/5/2017 8:10	4.921	-0.281	4.818	-0.264
543	3/5/2017 9:10	5.024	-0.2794	4.999	-0.261
544	3/5/2017 10:10	5.616	-0.2794	6.102	-0.255
545	3/5/2017 11:10	8.866	-0.2491	18.247	-0.1875
546	3/5/2017 12:10	9.706	-0.2404	14.888	-0.1708
547	3/5/2017 13:10	12.92	-0.2701	19.603	-0.2156
548	3/5/2017 14:10	10.59	-0.267	16.272	-0.2169
549	3/5/2017 15:10	18.699	-0.2701	19.199	-0.2462
550	3/5/2017 16:10	13.305	-0.2594	20.507	-0.2103
551	3/5/2017 17:10	17.058	-0.2732	16.225	-0.2505
552	3/5/2017 18:10	15.533	-0.2763	13.401	-0.255
553	3/5/2017 19:10	12.34	-0.2794	10.418	-0.2594
554	3/5/2017 20:10	11.224	-0.281	9.238	-0.2625
555	3/5/2017 21:10	4.74	-0.2842	4.272	-0.264
556	3/5/2017 22:10	3.168	-0.2842	2.557	-0.264
557	3/5/2017 23:10	2.423	-0.2842	2.37	-0.2625
558	3/6/2017 0:10	2.021	-0.2826	2.236	-0.261
559	3/6/2017 1:10	0.742	-0.2794	0.246	-0.252
560	3/6/2017 2:10	0.163	-0.2747	-0.199	-0.2433
561	3/6/2017 3:10	-0.255	-0.281	-0.143	-0.2348
562	3/6/2017 4:10	-0.902	-0.281	-1.384	-0.267
563	3/6/2017 5:10	-1.441	-0.2794	-2.073	-0.267
564	3/6/2017 6:10	-1.441	-0.2779	-1.527	-0.2655
565	3/6/2017 7:10	-2.015	-0.2779	-2.771	-0.2686
566	3/6/2017 8:10	-1.9	-0.2763	-1.929	-0.2655
567	3/6/2017 9:10	-2.044	-0.2763	-2.131	-0.2655
568	3/6/2017 10:10	-1.613	-0.2747	-1.641	-0.264
569	3/6/2017 11:10	10.1	-0.2747	12.751	-0.2362
570	3/6/2017 12:10	16.939	-0.2732	12.63	-0.255
571	3/6/2017 13:10	22.441	-0.2732	17.249	-0.2565
572	3/6/2017 14:10	26.158	-0.2716	20.174	-0.252
573	3/6/2017 15:10	28.568	-0.2716	22.393	-0.2505
574	3/6/2017 16:10	29.389	-0.2716	23.448	-0.252
575	3/6/2017 17:10	29.34	-0.2732	24.098	-0.255
576	3/6/2017 18:10	24.557	-0.2763	19.698	-0.258
577	3/6/2017 19:10	21.318	-0.2779	17.082	-0.261
578	3/6/2017 20:10	15.7	-0.281	12.847	-0.2625
579	3/6/2017 21:10	8.095	-0.2842	7.619	-0.2655
580	3/6/2017 22:10	6.051	-0.2858	5.154	-0.2655
581	3/6/2017 23:10	5.642	-0.2842	5.616	-0.2655
582	3/7/2017 0:10	4.947	-0.2858	4.999	-0.2655
583	3/7/2017 1:10	3.801	-0.2858	3.801	-0.267
584	3/7/2017 2:10	2.797	-0.2858	2.77	-0.267
585	3/7/2017 3:10	2.557	-0.2858	2.61	-0.267
586	3/7/2017 4:10	2.047	-0.2858	2.155	-0.267
587	3/7/2017 5:10	1.778	-0.2858	1.913	-0.267
588	3/7/2017 6:10	1.371	-0.2874	1.561	-0.267
589	3/7/2017 7:10	1.235	-0.2874	1.398	-0.267
590	3/7/2017 8:10	0.934	-0.2858	1.18	-0.267
591	3/7/2017 9:10	1.262	-0.2874	1.561	-0.2655
592	3/7/2017 10:10	2.101	-0.2858	2.316	-0.2655
593	3/7/2017 11:10	13.305	-0.2779	10.663	-0.261
594	3/7/2017 12:10	22.729	-0.2747	17.13	-0.258
595	3/7/2017 13:10	25.355	-0.2732	20.031	-0.2565
596	3/7/2017 14:10	22.058	-0.2763	17.843	-0.2565
597	3/7/2017 15:10	24.484	-0.2747	20.436	-0.2565
598	3/7/2017 16:10	25.744	-0.2732	22.13	-0.2565
599	3/7/2017 17:10	23.905	-0.2763	20.674	-0.258
600	3/7/2017 18:10	26.744	-0.2747	22.561	-0.258
601	3/7/2017 19:10	24.122	-0.2779	20.246	-0.261
602	3/7/2017 20:10	17.463	-0.2794	15.39	-0.264
603	3/7/2017 21:10	11.127	-0.281	11.078	-0.2655
604	3/7/2017 22:10	9.657	-0.2826	9.682	-0.264
605	3/7/2017 23:10	7.945	-0.2842	7.92	-0.264
606	3/8/2017 0:10	7.217	-0.2842	7.419	-0.264
607	3/8/2017 1:10	7.419	-0.2842	7.82	-0.264
608	3/8/2017 2:10	6.636	-0.2842	7.015	-0.264
609	3/8/2017 3:10	5.591	-0.2842	6.026	-0.2625
610	3/8/2017 4:10	6.204	-0.2842	6.585	-0.2565
611	3/8/2017 5:10	4.35	-0.2842	4.506	-0.255
612	3/8/2017 6:10	4.22	-0.2842	4.402	-0.2535
613	3/8/2017 7:10	3.932	-0.2842	4.194	-0.252
614	3/8/2017 8:10	2.85	-0.2842	2.956	-0.2535
615	3/8/2017 9:10	4.298	-0.2842	4.792	-0.252
616	3/8/2017 10:10	6.331	-0.2826	5.872	-0.2491
617	3/8/2017 11:10	15.772	-0.2763	13.016	-0.2447
618	3/8/2017 12:10	21.27	-0.2747	17.534	-0.2404
619	3/8/2017 13:10	26.891	-0.2716	21.366	-0.2404
620	3/8/2017 14:10	26.671	-0.2732	22.058	-0.2404
621	3/8/2017 15:10	30.95	-0.2716	25.963	-0.2376
622	3/8/2017 16:10	32.201	-0.2716	27.014	-0.2362
623	3/8/2017 17:10	30.95	-0.2747	26.549	-0.2334
624	3/8/2017 18:10	28.097	-0.2763	24.146	-0.2362
625	3/8/2017 19:10	25.137	-0.2779	21.604	-0.239
626	3/8/2017 20:10	19.508	-0.2794	17.677	-0.2433
627	3/8/2017 21:10	13.209	-0.2826	13.161	-0.2447
628	3/8/2017 22:10	11.248	-0.2842	11.248	-0.2462
629	3/8/2017 23:10	10.467	-0.2842	10.638	-0.2462
630	3/9/2017 0:10	9.287	-0.2842	9.361	-0.2462
631	3/9/2017 1:10	8.145	-0.2842	8.295	-0.2462
632	3/9/2017 2:10	6.306	-0.2906	6.458	-0.2462
633	3/9/2017 3:10	6.408	-0.289	6.687	-0.2447
634	3/9/2017 4:10	7.091	-0.2906	7.293	-0.2433
635	3/9/2017 5:10	4.506	-0.2906	4.844	-0.2419
636	3/9/2017 6:10	5.179	-0.2906	5.462	-0.2433
637	3/9/2017 7:10	4.895	-0.2906	5.565	-0.2419
638	3/9/2017 8:10	3.564	-0.2906	3.67	-0.2419
639	3/9/2017 9:10	4.037	-0.2906	4.999	-0.239
640	3/9/2017 10:10	5.745	-0.289	5.975	-0.239
641	3/9/2017 11:10	16.63	-0.2842	13.954	-0.2376
642	3/9/2017 12:10	23.304	-0.2826	19.698	-0.2334
643	3/9/2017 13:10	30.798	-0.2779	24.992	-0.232
644	3/9/2017 14:10	34.677	-0.2763	29.065	-0.2306
645	3/9/2017 15:10	35.609	-0.2779	30.142	-0.2306
646	3/9/2017 16:10	40.257	-0.2747	33.94	-0.2292
647	3/9/2017 17:10	40.114	-0.2763	34.176	-0.2292
648	3/9/2017 18:10	33.287	-0.2794	29.389	-0.232
649	3/9/2017 19:10	27.776	-0.2826	24.992	-0.232
650	3/9/2017 20:10	22.513	-0.2858	20.603	-0.2334
651	3/9/2017 21:10	15.724	-0.289	15.676	-0.2348
652	3/9/2017 22:10	14.457	-0.289	14.601	-0.2348
653	3/9/2017 23:10	12.727	-0.289	12.992	-0.2376
654	3/10/2017 0:10	11.589	-0.289	11.613	-0.2376
655	3/10/2017 1:10	10.687	-0.289	10.761	-0.2376
656	3/10/2017 2:10	9.262	-0.289	9.238	-0.2376
657	3/10/2017 3:10	8.643	-0.289	8.792	-0.2376
658	3/10/2017 4:10	7.795	-0.289	7.268	-0.2376
659	3/10/2017 5:10	7.519	-0.289	7.72	-0.2376
660	3/10/2017 6:10	8.369	-0.289	8.817	-0.2376
661	3/10/2017 7:10	7.87	-0.289	8.344	-0.2376
662	3/10/2017 8:10	7.116	-0.289	7.242	-0.239
663	3/10/2017 9:10	5.924	-0.289	5.642	-0.2362
664	3/10/2017 10:10	8.568	-0.289	8.369	-0.2362
665	3/10/2017 11:10	14.146	-0.2858	12.364	-0.2362
666	3/10/2017 12:10	22.202	-0.2826	19.222	-0.2348
667	3/10/2017 13:10	32.33	-0.2779	27.063	-0.2306
668	3/10/2017 14:10	38.449	-0.2763	33.261	-0.2292
669	3/10/2017 15:10	33.73	-0.2779	28.245	-0.2306
670	3/10/2017 16:10	34.545	-0.2779	31.663	-0.232
671	3/10/2017 17:10	34.572	-0.2779	30.495	-0.2334
672	3/10/2017 18:10	32.047	-0.2794	27.998	-0.2376
673	3/10/2017 19:10	22.753	-0.2842	21.39	-0.2433
674	3/10/2017 20:10	19.984	-0.2858	19.127	-0.2462
675	3/10/2017 21:10	15.867	-0.2858	15.819	-0.2462
676	3/10/2017 22:10	14.697	-0.2874	14.768	-0.2476
677	3/10/2017 23:10	12.992	-0.2874	13.233	-0.2476
678	3/11/2017 0:10	11.346	-0.2874	11.394	-0.2476
679	3/11/2017 1:10	11.102	-0.2874	11.394	-0.2462
680	3/11/2017 2:10	10.051	-0.2874	10.296	-0.2462
681	3/11/2017 3:10	8.792	-0.2874	8.99	-0.2462
682	3/11/2017 4:10	7.82	-0.2858	8.095	-0.2433
683	3/11/2017 5:10	7.645	-0.2858	7.92	-0.2447
684	3/11/2017 6:10	7.192	-0.2874	7.444	-0.2462
685	3/11/2017 7:10	7.041	-0.2874	7.393	-0.2462
686	3/11/2017 8:10	7.268	-0.2858	7.77	-0.2462
687	3/11/2017 9:10	6.408	-0.2874	6.687	-0.2491
688	3/11/2017 10:10	10.785	-0.2874	10.149	-0.2491
689	3/11/2017 11:10	20.031	-0.281	16.963	-0.2476
690	3/11/2017 12:10	26.353	-0.2794	21.652	-0.2404
691	3/11/2017 13:10	32.742	-0.2763	27.382	-0.2376
692	3/11/2017 14:10	37.48	-0.2747	31.433	-0.232
693	3/11/2017 15:10	43.344	-0.2716	35.743	-0.2292
694	3/11/2017 16:10	43.951	-0.2716	36.039	-0.2306
695	3/11/2017 17:10	40.66	-0.2732	35.448	-0.2334
696	3/11/2017 18:10	33.521	-0.2763	28.866	-0.2362
697	3/11/2017 19:10	32.098	-0.2779	27.407	-0.239
698	3/11/2017 20:10	25.453	-0.281	22.369	-0.2404
699	3/11/2017 21:10	16.868	-0.2842	16.534	-0.2419
700	3/11/2017 22:10	14.721	-0.2842	14.218	-0.2404
701	3/11/2017 23:10	13.112	-0.2779	13.088	-0.2404
702	3/12/2017 0:10	12.461	-0.2779	12.509	-0.2404
703	3/12/2017 1:10	11.419	-0.2794	11.443	-0.2404
704	3/12/2017 2:10	10.467	-0.2794	10.565	-0.2404
705	3/12/2017 3:10	9.903	-0.2794	9.952	-0.2404
706	3/12/2017 4:10	9.78	-0.2794	9.903	-0.239
707	3/12/2017 5:10	9.41	-0.2794	9.435	-0.239
708	3/12/2017 6:10	8.643	-0.2794	8.742	-0.239
709	3/12/2017 7:10	7.92	-0.2794	8.145	-0.239
710	3/12/2017 8:10	7.594	-0.2794	7.895	-0.239
711	3/12/2017 9:10	7.77	-0.2794	8.045	-0.239
712	3/12/2017 10:10	10.956	-0.2779	11.151	-0.2376
713	3/12/2017 11:10	19.436	-0.2747	16.463	-0.2334
714	3/12/2017 12:10	26.207	-0.2701	22.681	-0.2264
715	3/12/2017 13:10	31.204	-0.2701	26.891	-0.2223
716	3/12/2017 14:10	37.728	-0.267	30.773	-0.2196
717	3/12/2017 15:10	40.775	-0.267	33.157	-0.2196
718	3/12/2017 16:10	41.298	-0.267	33.835	-0.2196
719	3/12/2017 17:10	38.896	-0.2686	32.407	-0.221
720	3/12/2017 18:10	33.94	-0.2701	29.34	-0.221
721	3/12/2017 19:10	29.59	-0.2732	25.939	-0.2223
722	3/12/2017 20:10	24.46	-0.2747	22.178	-0.225
723	3/12/2017 21:10	17.582	-0.2763	17.463	-0.2278
724	3/12/2017 22:10	15.342	-0.2779	15.151	-0.2278
725	3/12/2017 23:10	14.601	-0.2779	14.529	-0.2278
726	3/13/2017 0:10	13.473	-0.2779	13.473	-0.2278
727	3/13/2017 1:10	12.751	-0.2779	12.847	-0.2292
728	3/13/2017 2:10	11.686	-0.2779	11.71	-0.2292
729	3/13/2017 3:10	11.127	-0.2794	11.127	-0.2292
730	3/13/2017 4:10	10.443	-0.2794	10.541	-0.2292
731	3/13/2017 5:10	9.386	-0.2939	9.163	-0.2306
732	3/13/2017 6:10	9.287	-0.2939	9.312	-0.2306
733	3/13/2017 7:10	8.817	-0.2939	8.891	-0.2306
734	3/13/2017 8:10	7.82	-0.2939	7.845	-0.2306
735	3/13/2017 9:10	8.07	-0.2939	8.27	-0.2306
736	3/13/2017 10:10	10.59	-0.2923	11.759	-0.2292
737	3/13/2017 11:10	21.056	-0.289	20.031	-0.225
738	3/13/2017 12:10	30.394	-0.2842	27.875	-0.2237
739	3/13/2017 13:10	36.552	-0.281	31.179	-0.2223
740	3/13/2017 14:10	42.179	-0.2779	36.254	-0.221
741	3/13/2017 15:10	45.562	-0.2763	41.59	-0.2183
742	3/13/2017 16:10	47.385	-0.2747	41.443	-0.2196
743	3/13/2017 17:10	47.941	-0.2747	41.56	-0.2196
744	3/13/2017 18:10	44.196	-0.2779	34.969	-0.2223
745	3/13/2017 19:10	37.425	-0.2826	30.268	-0.2143
746	3/13/2017 20:10	29.515	-0.2858	25.623	-0.2237
747	3/13/2017 21:10	20.65	-0.289	20.079	-0.225
748	3/13/2017 22:10	18.438	-0.289	17.938	-0.225
749	3/13/2017 23:10	16.654	-0.289	16.034	-0.225
750	3/14/2017 0:10	14.984	-0.2906	14.146	-0.225
751	3/14/2017 1:10	14.409	-0.2906	14.194	-0.225
752	3/14/2017 2:10	13.329	-0.2906	13.257	-0.2264
753	3/14/2017 3:10	12.171	-0.2906	11.832	-0.2264
754	3/14/2017 4:10	11.637	-0.2923	11.662	-0.225
755	3/14/2017 5:10	10.761	-0.2923	10.81	-0.2264
756	3/14/2017 6:10	10.075	-0.2939	10.296	-0.2264
757	3/14/2017 7:10	9.706	-0.2939	9.952	-0.2278
758	3/14/2017 8:10	9.064	-0.2955	9.064	-0.2278
759	3/14/2017 9:10	8.792	-0.2955	8.767	-0.2264
760	3/14/2017 10:10	12.678	-0.2923	14.888	-0.225
761	3/14/2017 11:10	20.198	-0.289	19.294	-0.2223
762	3/14/2017 12:10	30.646	-0.2842	31.026	-0.2169
763	3/14/2017 13:10	39.516	-0.2794	36.987	-0.2143
764	3/14/2017 14:10	42.327	-0.2779	41.268	-0.2129
765	3/14/2017 15:10	45.436	-0.2763	43.314	-0.2116
766	3/14/2017 16:10	46.226	-0.2747	43.677	-0.2129
767	3/14/2017 17:10	43.465	-0.2779	40.257	-0.2129
768	3/14/2017 18:10	38.337	-0.281	35.77	-0.2143
769	3/14/2017 19:10	35.502	-0.2826	32.407	-0.2156
770	3/14/2017 20:10	29.715	-0.2858	28.122	-0.2183
771	3/14/2017 21:10	20.46	-0.289	19.484	-0.2223
772	3/14/2017 22:10	17.201	-0.2923	15.533	-0.2237
773	3/14/2017 23:10	15.748	-0.2906	15.127	-0.2237
774	3/15/2017 0:10	15.103	-0.2906	14.888	-0.225
775	3/15/2017 1:10	13.882	-0.2906	13.546	-0.225
776	3/15/2017 2:10	11.783	-0.2923	10.663	-0.2264
777	3/15/2017 3:10	11.394	-0.2923	10.565	-0.2264
778	3/15/2017 4:10	10.59	-0.2923	9.46	-0.2264
779	3/15/2017 5:10	9.805	-0.2988	8.742	-0.2278
780	3/15/2017 6:10	9.114	-0.2988	7.795	-0.2278
781	3/15/2017 7:10	8.742	-0.3005	8.095	-0.2278
782	3/15/2017 8:10	8.195	-0.3005	7.293	-0.2278
783	3/15/2017 9:10	7.87	-0.3005	7.167	-0.2278
784	3/15/2017 10:10	11.127	-0.2988	12.316	-0.2264
785	3/15/2017 11:10	21.987	-0.2923	24.195	-0.221
786	3/15/2017 12:10	30.976	-0.2874	30.243	-0.2169
787	3/15/2017 13:10	36.905	-0.2842	37.618	-0.2156
788	3/15/2017 14:10	41.414	-0.2826	40.228	-0.2143
789	3/15/2017 15:10	44.843	-0.281	43.284	-0.2143
790	3/15/2017 16:10	45.877	-0.281	43.103	-0.2143
791	3/15/2017 17:10	42.267	-0.2826	39.29	-0.2156
792	3/15/2017 18:10	39.545	-0.2842	36.254	-0.2156
793	3/15/2017 19:10	34.019	-0.2874	31.408	-0.2183
794	3/15/2017 20:10	27.407	-0.2906	25.744	-0.221
795	3/15/2017 21:10	20.055	-0.2939	18.866	-0.2237
796	3/15/2017 22:10	17.272	-0.2923	16.511	-0.2264
797	3/15/2017 23:10	14.625	-0.2939	13.088	-0.2278
798	3/16/2017 0:10	12.992	-0.2955	11.102	-0.2278
799	3/16/2017 1:10	12.509	-0.2955	11.419	-0.2278
800	3/16/2017 2:10	11.321	-0.2955	10.614	-0.2278
801	3/16/2017 3:10	10.516	-0.2955	9.583	-0.2278
802	3/16/2017 4:10	9.706	-0.2955	8.419	-0.2278
803	3/16/2017 5:10	9.361	-0.2955	8.593	-0.2278
804	3/16/2017 6:10	8.767	-0.2972	8.12	-0.2278
805	3/16/2017 7:10	8.965	-0.2955	8.593	-0.2278
806	3/16/2017 8:10	8.841	-0.2972	8.568	-0.2278
807	3/16/2017 9:10	8.941	-0.2972	8.866	-0.2278
808	3/16/2017 10:10	12.219	-0.2955	12.703	-0.2264
809	3/16/2017 11:10	21.581	-0.289	20.174	-0.2223
810	3/16/2017 12:10	28.816	-0.289	26.085	-0.2196
811	3/16/2017 13:10	33.704	-0.2858	28.841	-0.2183
812	3/16/2017 14:10	40.804	-0.2826	33.757	-0.2169
813	3/16/2017 15:10	43.495	-0.2779	39.914	-0.2143
814	3/16/2017 16:10	48.871	-0.2763	40.057	-0.2143
815	3/16/2017 17:10	47.255	-0.2779	41.239	-0.2143
816	3/16/2017 18:10	41.443	-0.2826	31.765	-0.2169
817	3/16/2017 19:10	31.103	-0.2874	25.38	-0.221
818	3/16/2017 20:10	24.532	-0.289	22.058	-0.2237
819	3/16/2017 21:10	18.961	-0.2923	17.915	-0.2237
820	3/16/2017 22:10	17.344	-0.2794	16.796	-0.225
821	3/16/2017 23:10	15.986	-0.2826	15.438	-0.225
822	3/17/2017 0:10	14.912	-0.281	14.17	-0.2264
823	3/17/2017 1:10	13.738	-0.2826	12.847	-0.2348
824	3/17/2017 2:10	12.703	-0.2826	11.929	-0.2362
825	3/17/2017 3:10	12.001	-0.2842	11.71	-0.2348
826	3/17/2017 4:10	11.273	-0.2842	11.005	-0.2348
827	3/17/2017 5:10	9.682	-0.2858	8.568	-0.2348
828	3/17/2017 6:10	9.41	-0.2858	8.866	-0.2348
829	3/17/2017 7:10	9.015	-0.2858	8.344	-0.2348
830	3/17/2017 8:10	8.742	-0.2858	8.245	-0.2348
831	3/17/2017 9:10	7.569	-0.2858	6.712	-0.2334
832	3/17/2017 10:10	11.807	-0.2842	12.437	-0.232
833	3/17/2017 11:10	20.555	-0.281	19.318	-0.2292
834	3/17/2017 12:10	31.103	-0.2747	27.702	-0.2237
835	3/17/2017 13:10	37.866	-0.2716	35.555	-0.2196
836	3/17/2017 14:10	42.594	-0.2701	41.795	-0.2156
837	3/17/2017 15:10	45.972	-0.2701	43.677	-0.2169
838	3/17/2017 16:10	44.257	-0.2701	41.327	-0.2169
839	3/17/2017 17:10	45.908	-0.2701	42.445	-0.2156
840	3/17/2017 18:10	37.453	-0.2732	34.73	-0.2169
841	3/17/2017 19:10	34.942	-0.2732	31.816	-0.2183
842	3/17/2017 20:10	29.115	-0.2763	27.308	-0.2183
843	3/17/2017 21:10	21.079	-0.281	19.365	-0.221
844	3/17/2017 22:10	17.891	-0.2826	16.368	-0.2223
845	3/17/2017 23:10	16.272	-0.2842	14.673	-0.2223
846	3/18/2017 0:10	15.127	-0.2842	13.762	-0.2237
847	3/18/2017 1:10	14.481	-0.2826	13.449	-0.2237
848	3/18/2017 2:10	13.185	-0.2858	11.929	-0.2237
849	3/18/2017 3:10	12.751	-0.2842	11.953	-0.2237
850	3/18/2017 4:10	11.54	-0.2858	10.614	-0.225
851	3/18/2017 5:10	11.127	-0.2858	10.369	-0.2264
852	3/18/2017 6:10	9.903	-0.2858	8.941	-0.2264
853	3/18/2017 7:10	9.114	-0.2874	8.444	-0.2278
854	3/18/2017 8:10	8.792	-0.2874	8.245	-0.2292
855	3/18/2017 9:10	7.67	-0.289	6.509	-0.2306
856	3/18/2017 10:10	10.394	-0.2858	10.541	-0.2306
857	3/18/2017 11:10	20.984	-0.281	21.032	-0.225
858	3/18/2017 12:10	30.293	-0.2763	30.52	-0.221
859	3/18/2017 13:10	32.794	-0.2763	32.484	-0.2223
860	3/18/2017 14:10	36.254	-0.2747	34.624	-0.221
861	3/18/2017 15:10	36.254	-0.2747	34.466	-0.221
862	3/18/2017 16:10	42.09	-0.2716	38.98	-0.2183
863	3/18/2017 17:10	43.374	-0.2716	39.516	-0.2169
864	3/18/2017 18:10	45.03	-0.2732	36.039	-0.2183
865	3/18/2017 19:10	38.784	-0.2747	34.572	-0.2156
866	3/18/2017 20:10	30.318	-0.2794	26.989	-0.2169
867	3/18/2017 21:10	20.865	-0.2842	19.936	-0.2183
868	3/18/2017 22:10	17.629	-0.2842	15.581	-0.2196
869	3/18/2017 23:10	15.819	-0.2858	13.954	-0.221
870	3/19/2017 0:10	14.577	-0.2858	12.944	-0.221
871	3/19/2017 1:10	13.137	-0.2858	11.443	-0.221
872	3/19/2017 2:10	12.413	-0.2858	11.589	-0.2223
873	3/19/2017 3:10	11.54	-0.2874	10.883	-0.2237
874	3/19/2017 4:10	11.71	-0.2906	11.37	-0.2237
875	3/19/2017 5:10	10.198	-0.2923	9.336	-0.225
876	3/19/2017 6:10	9.805	-0.2923	9.361	-0.2264
877	3/19/2017 7:10	8.618	-0.2923	8.17	-0.2278
878	3/19/2017 8:10	7.519	-0.2939	6.433	-0.2292
879	3/19/2017 9:10	7.67	-0.2939	7.066	-0.2292
880	3/19/2017 10:10	10.956	-0.2923	9.854	-0.2292
881	3/19/2017 11:10	23.448	-0.2858	24.798	-0.2223
882	3/19/2017 12:10	25.113	-0.2858	22.25	-0.2223
883	3/19/2017 13:10	27.505	-0.2842	26.036	-0.221
884	3/19/2017 14:10	30.016	-0.2842	26.818	-0.221
885	3/19/2017 15:10	36.742	-0.2794	34.176	-0.2183
886	3/19/2017 16:10	43.163	-0.2779	35.128	-0.2169
887	3/19/2017 17:10	43.647	-0.2779	39.065	-0.2156
888	3/19/2017 18:10	37.315	-0.281	33.73	-0.2169
889	3/19/2017 19:10	34.071	-0.2826	30.091	-0.2156
890	3/19/2017 20:10	23.761	-0.2874	21.915	-0.2169
891	3/19/2017 21:10	18.01	-0.289	16.392	-0.2183
892	3/19/2017 22:10	16.201	-0.2906	15.199	-0.2196
893	3/19/2017 23:10	14.146	-0.2906	12.63	-0.221
894	3/20/2017 0:10	12.703	-0.2906	11.273	-0.221
895	3/20/2017 1:10	11.734	-0.2906	9.952	-0.2223
896	3/20/2017 2:10	10.443	-0.2906	8.693	-0.2223
897	3/20/2017 3:10	11.297	-0.289	9.731	-0.2223
898	3/20/2017 4:10	10.663	-0.2906	8.767	-0.2237
899	3/20/2017 5:10	12.654	-0.2906	11.078	-0.2237
900	3/20/2017 6:10	12.147	-0.2906	10.858	-0.2237
901	3/20/2017 7:10	9.509	-0.2923	8.817	-0.2264
902	3/20/2017 8:10	9.114	-0.2923	8.618	-0.2264
903	3/20/2017 9:10	9.952	-0.2923	9.114	-0.2278
904	3/20/2017 10:10	12.847	-0.2906	14.649	-0.2264
905	3/20/2017 11:10	17.51	-0.289	17.938	-0.2264
906	3/20/2017 12:10	28.692	-0.2842	26.158	-0.221
907	3/20/2017 13:10	35.075	-0.281	32.098	-0.2183
908	3/20/2017 14:10	33.183	-0.2826	29.215	-0.221
909	3/20/2017 15:10	33.914	-0.2826	30.016	-0.221
910	3/20/2017 16:10	32.975	-0.2826	28.568	-0.221
911	3/20/2017 17:10	27.456	-0.2858	24.653	-0.221
912	3/20/2017 18:10	29.414	-0.2858	26.426	-0.2196
913	3/20/2017 19:10	23.569	-0.2874	21.175	-0.2143
914	3/20/2017 20:10	19.627	-0.289	17.391	-0.2156
915	3/20/2017 21:10	17.153	-0.289	15.366	-0.2156
916	3/20/2017 22:10	15.867	-0.289	14.409	-0.2156
917	3/20/2017 23:10	15.223	-0.2906	13.522	-0.2156
918	3/21/2017 0:10	13.401	-0.2874	12.413	-0.2169
919	3/21/2017 1:10	12.92	-0.2874	11.686	-0.2169
920	3/21/2017 2:10	14.05	-0.2874	12.992	-0.2156
921	3/21/2017 3:10	13.04	-0.2874	12.461	-0.2169
922	3/21/2017 4:10	14.505	-0.2858	13.954	-0.2169
923	3/21/2017 5:10	13.257	-0.2732	19.389	-0.1937
924	3/21/2017 6:10	13.305	-0.2747	22.393	-0.1912
925	3/21/2017 7:10	13.522	-0.2535	16.915	-0.1379
926	3/21/2017 8:10	13.81	-0.264	17.486	-0.1495
927	3/21/2017 9:10	13.57	-0.252	16.749	-0.1227
928	3/21/2017 10:10	14.649	-0.2747	18.461	-0.1572
929	3/21/2017 11:10	14.266	-0.2433	16.987	-0.1075
930	3/21/2017 12:10	18.533	-0.2747	21.939	-0.1538
931	3/21/2017 13:10	18.2	-0.2419	19.841	-0.1085
932	3/21/2017 14:10	19.365	-0.2535	21.366	-0.1379
933	3/21/2017 15:10	24.847	-0.2732	26.646	-0.1696
934	3/21/2017 16:10	21.079	-0.2763	20.65	-0.1887
935	3/21/2017 17:10	19.413	-0.2779	19.08	-0.1937
936	3/21/2017 18:10	18.866	-0.2779	18.438	-0.1962
937	3/21/2017 19:10	18.39	-0.2794	18.105	-0.1974
938	3/21/2017 20:10	16.368	-0.2794	15.748	-0.1974
939	3/21/2017 21:10	14.05	-0.2826	13.353	-0.2
940	3/21/2017 22:10	12.896	-0.2826	12.751	-0.2
941	3/21/2017 23:10	12.074	-0.2826	11.637	-0.2012
942	3/22/2017 0:10	11.2	-0.2779	11.273	-0.1987
943	3/22/2017 1:10	10.638	-0.2747	11.2	-0.1974
944	3/22/2017 2:10	11.053	-0.2732	11.783	-0.1949
945	3/22/2017 3:10	11.467	-0.2732	12.703	-0.1937
946	3/22/2017 4:10	9.903	-0.2747	11.637	-0.1937
947	3/22/2017 5:10	8.668	-0.2716	11.516	-0.1924
948	3/22/2017 6:10	8.245	-0.2686	13.353	-0.1887
949	3/22/2017 7:10	7.519	-0.267	12.606	-0.1875
950	3/22/2017 8:10	7.82	-0.267	12.992	-0.185
951	3/22/2017 9:10	7.393	-0.2686	12.413	-0.185
952	3/22/2017 10:10	9.015	-0.2701	15.151	-0.185
953	3/22/2017 11:10	16.177	-0.2794	23.28	-0.1949
954	3/22/2017 12:10	23.665	-0.2763	26.867	-0.2012
955	3/22/2017 13:10	30.672	-0.2747	32.562	-0.2025
956	3/22/2017 14:10	26.573	-0.2779	25.477	-0.2051
957	3/22/2017 15:10	14.409	-0.2655	17.32	-0.1561
958	3/22/2017 16:10	27.456	-0.2763	27.407	-0.1875
959	3/22/2017 17:10	31.204	-0.2763	28.891	-0.2012
960	3/22/2017 18:10	19.032	-0.2701	20.817	-0.142
961	3/22/2017 19:10	15.199	-0.2842	14.361	-0.1802
962	3/22/2017 20:10	19.389	-0.2826	18.271	-0.1887
963	3/22/2017 21:10	12.098	-0.2655	15.652	-0.1389
964	3/22/2017 22:10	11.005	-0.2763	14.745	-0.1495
965	3/22/2017 23:10	10.883	-0.281	10.467	-0.1549
966	3/23/2017 0:10	8.941	-0.2716	13.81	-0.1085
967	3/23/2017 1:10	9.015	-0.281	14.194	-0.1317
968	3/23/2017 2:10	8.319	-0.2858	13.714	-0.141
969	3/23/2017 3:10	7.544	-0.289	12.606	-0.1463
970	3/23/2017 4:10	6.965	-0.2923	12.509	-0.1495
971	3/23/2017 5:10	6.914	-0.2939	12.437	-0.1528
972	3/23/2017 6:10	6.56	-0.2939	11.904	-0.1495
973	3/23/2017 7:10	4.844	-0.2955	10.369	-0.1538
974	3/23/2017 8:10	4.818	-0.2923	10.761	-0.1549
975	3/23/2017 9:10	5.77	-0.2906	11.662	-0.1549
976	3/23/2017 10:10	8.12	-0.2939	10.736	-0.1594
977	3/23/2017 11:10	12.364	-0.289	16.868	-0.1685
978	3/23/2017 12:10	19.841	-0.289	21.557	-0.1802
979	3/23/2017 13:10	24.968	-0.289	22.058	-0.1863
980	3/23/2017 14:10	30.824	-0.2874	29.265	-0.185
981	3/23/2017 15:10	33.966	-0.2826	29.941	-0.1826
982	3/23/2017 16:10	36.065	-0.2826	28.221	-0.1838
983	3/23/2017 17:10	34.15	-0.2842	28.196	-0.185
984	3/23/2017 18:10	32.613	-0.2858	25.768	-0.1863
985	3/23/2017 19:10	27.628	-0.2874	22.848	-0.1875
986	3/23/2017 20:10	20.77	-0.2923	17.534	-0.1887
987	3/23/2017 21:10	11.686	-0.2972	11.029	-0.1924
988	3/23/2017 22:10	9.485	-0.2972	9.287	-0.1912
989	3/23/2017 23:10	8.99	-0.2972	8.841	-0.1937
990	3/24/2017 0:10	8.27	-0.2988	8.22	-0.1937
991	3/24/2017 1:10	7.142	-0.2988	7.091	-0.1949
992	3/24/2017 2:10	6.382	-0.2988	6.509	-0.1949
993	3/24/2017 3:10	5.488	-0.2988	5.924	-0.1949
994	3/24/2017 4:10	4.532	-0.3005	5.385	-0.1949
995	3/24/2017 5:10	4.246	-0.2988	5.36	-0.1949
996	3/24/2017 6:10	3.985	-0.2988	5.102	-0.1949
997	3/24/2017 7:10	3.827	-0.3005	5.024	-0.1962
998	3/24/2017 8:10	3.142	-0.3005	4.61	-0.1949
999	3/24/2017 9:10	3.932	-0.3005	5.257	-0.1949
1000	3/24/2017 10:10	11.613	-0.2955	14.29	-0.1924
1001	3/24/2017 11:10	17.534	-0.2923	18.057	-0.1912
1002	3/24/2017 12:10	27.456	-0.289	28.444	-0.1863
1003	3/24/2017 13:10	32.278	-0.2858	32.51	-0.185
1004	3/24/2017 14:10	35.448	-0.2858	34.466	-0.1838
1005	3/24/2017 15:10	37.811	-0.2826	35.797	-0.1838
1006	3/24/2017 16:10	37.233	-0.2842	34.334	-0.1863
1007	3/24/2017 17:10	31.026	-0.2858	28.99	-0.1912
1008	3/24/2017 18:10	23.593	-0.289	22.369	-0.1962
1009	3/24/2017 19:10	19.103	-0.2923	18.319	-0.1962
1010	3/24/2017 20:10	15.986	-0.2939	15.438	-0.1974
1011	3/24/2017 21:10	14.529	-0.2939	13.714	-0.1987
1012	3/24/2017 22:10	13.137	-0.2939	12.509	-0.2
1013	3/24/2017 23:10	12.703	-0.2939	12.098	-0.2
1014	3/25/2017 0:10	10.712	-0.2763	12.122	-0.1379
1015	3/25/2017 1:10	9.015	-0.2794	9.435	-0.1358
1016	3/25/2017 2:10	9.632	-0.289	9.854	-0.1399
1017	3/25/2017 3:10	9.657	-0.2747	11.248	-0.1218
1018	3/25/2017 4:10	8.245	-0.281	8.717	-0.1389
1019	3/25/2017 5:10	9.114	-0.2794	9.657	-0.1452
1020	3/25/2017 6:10	9.485	-0.2842	9.558	-0.1549
1021	3/25/2017 7:10	9.139	-0.2858	9.829	-0.1495
1022	3/25/2017 8:10	9.089	-0.2701	12.558	-0.1227
1023	3/25/2017 9:10	8.891	-0.2826	13.112	-0.1337
1024	3/25/2017 10:10	10.883	-0.2732	14.481	-0.1277
1025	3/25/2017 11:10	13.473	-0.289	19.936	-0.1605
1026	3/25/2017 12:10	25.477	-0.2842	27.284	-0.185
1027	3/25/2017 13:10	25.939	-0.2842	24.267	-0.1924
1028	3/25/2017 14:10	33.914	-0.2826	32.51	-0.1937
1029	3/25/2017 15:10	36.039	-0.2794	32.924	-0.1937
1030	3/25/2017 16:10	35.958	-0.281	32.201	-0.1937
1031	3/25/2017 17:10	38.143	-0.281	32.691	-0.1937
1032	3/25/2017 18:10	33.626	-0.281	29.29	-0.1962
1033	3/25/2017 19:10	26.744	-0.2842	24.484	-0.1987
1034	3/25/2017 20:10	20.484	-0.2874	18.2	-0.2012
1035	3/25/2017 21:10	12.896	-0.289	12.171	-0.2025
1036	3/25/2017 22:10	12.654	-0.289	11.516	-0.2012
1037	3/25/2017 23:10	11.637	-0.289	11.248	-0.2012
1038	3/26/2017 0:10	9.903	-0.2906	9.879	-0.2012
1039	3/26/2017 1:10	9.04	-0.2906	9.706	-0.2012
1040	3/26/2017 2:10	8.02	-0.289	8.941	-0.2012
1041	3/26/2017 3:10	6.99	-0.2874	8.045	-0.1987
1042	3/26/2017 4:10	6.839	-0.2842	7.995	-0.1974
1043	3/26/2017 5:10	6.153	-0.2794	9.41	-0.1962
1044	3/26/2017 6:10	6.077	-0.2747	10.198	-0.1949
1045	3/26/2017 7:10	5.898	-0.2732	10.736	-0.1949
1046	3/26/2017 8:10	5.847	-0.2732	11.734	-0.1949
1047	3/26/2017 9:10	6.306	-0.2732	12.268	-0.1937
1048	3/26/2017 10:10	10.907	-0.2779	17.843	-0.1949
1049	3/26/2017 11:10	18.866	-0.2858	26.256	-0.1974
1050	3/26/2017 12:10	27.875	-0.2842	26.72	-0.1987
1051	3/26/2017 13:10	34.071	-0.281	33.183	-0.1974
1052	3/26/2017 14:10	39.971	-0.281	35.102	-0.1962
1053	3/26/2017 15:10	33.053	-0.2826	30.217	-0.2
1054	3/26/2017 16:10	41.181	-0.2794	39.715	-0.1987
1055	3/26/2017 17:10	33.079	-0.2826	29.966	-0.2012
1056	3/26/2017 18:10	29.84	-0.2826	27.481	-0.2025
1057	3/26/2017 19:10	29.79	-0.2826	28.345	-0.2025
1058	3/26/2017 20:10	20.412	-0.2874	19.008	-0.2051
1059	3/26/2017 21:10	14.816	-0.289	14.146	-0.2064
1060	3/26/2017 22:10	11.929	-0.289	11.053	-0.2064
1061	3/26/2017 23:10	10.785	-0.289	9.632	-0.2064
1062	3/27/2017 0:10	9.682	-0.289	8.519	-0.2064
1063	3/27/2017 1:10	9.287	-0.289	8.841	-0.2064
1064	3/27/2017 2:10	9.015	-0.289	8.618	-0.2064
1065	3/27/2017 3:10	9.435	-0.289	9.139	-0.2064
1066	3/27/2017 4:10	7.97	-0.2874	8.07	-0.209
1067	3/27/2017 5:10	8.369	-0.2842	8.568	-0.209
1068	3/27/2017 6:10	8.941	-0.2858	8.767	-0.2064
1069	3/27/2017 7:10	9.509	-0.2874	9.485	-0.2064
1070	3/27/2017 8:10	10.001	-0.289	9.682	-0.2064
1071	3/27/2017 9:10	10.149	-0.2906	9.928	-0.2064
1072	3/27/2017 10:10	11.686	-0.2906	10.932	-0.209
1073	3/27/2017 11:10	16.106	-0.289	15.581	-0.209
1074	3/27/2017 12:10	25.963	-0.2842	27.924	-0.2038
1075	3/27/2017 13:10	31.689	-0.2826	31.026	-0.2038
1076	3/27/2017 14:10	38.282	-0.2826	34.176	-0.2038
1077	3/27/2017 15:10	40.833	-0.281	33.652	-0.2051
1078	3/27/2017 16:10	42.297	-0.281	36.417	-0.2051
1079	3/27/2017 17:10	40.775	-0.2794	33.548	-0.2064
1080	3/27/2017 18:10	32.536	-0.2842	28.221	-0.2103
1081	3/27/2017 19:10	23.689	-0.2874	20.913	-0.2116
1082	3/27/2017 20:10	17.724	-0.289	16.201	-0.2143
1083	3/27/2017 21:10	13.377	-0.289	12.268	-0.2156
1084	3/27/2017 22:10	11.613	-0.2906	10.81	-0.2169
1085	3/27/2017 23:10	10.663	-0.2906	9.854	-0.2169
1086	3/28/2017 0:10	9.558	-0.2906	9.04	-0.2169
1087	3/28/2017 1:10	9.015	-0.2906	8.543	-0.2183
1088	3/28/2017 2:10	8.668	-0.2923	7.995	-0.2183
1089	3/28/2017 3:10	7.77	-0.2923	7.368	-0.2183
1090	3/28/2017 4:10	7.97	-0.2906	7.519	-0.2183
1091	3/28/2017 5:10	6.611	-0.2939	6	-0.2196
1092	3/28/2017 6:10	6.585	-0.2939	6.23	-0.2196
1093	3/28/2017 7:10	5.616	-0.2939	4.662	-0.2196
1094	3/28/2017 8:10	5.642	-0.2939	5.334	-0.221
1095	3/28/2017 9:10	5.308	-0.2939	4.48	-0.221
1096	3/28/2017 10:10	9.287	-0.2923	11.783	-0.2196
1097	3/28/2017 11:10	20.603	-0.289	19.151	-0.2156
1098	3/28/2017 12:10	28.048	-0.2842	26.451	-0.2116
1099	3/28/2017 13:10	32.872	-0.2842	30.722	-0.2116
1100	3/28/2017 14:10	38.616	-0.281	33.6	-0.2116
1101	3/28/2017 15:10	39.431	-0.281	33.417	-0.2143
1102	3/28/2017 16:10	40.66	-0.2826	32.742	-0.2169
1103	3/28/2017 17:10	38.868	-0.2794	34.281	-0.2169
1104	3/28/2017 18:10	35.475	-0.2794	32.51	-0.2169
1105	3/28/2017 19:10	29.04	-0.2826	27.382	-0.2196
1106	3/28/2017 20:10	23.569	-0.2874	21.843	-0.221
1107	3/28/2017 21:10	15.629	-0.289	13.81	-0.2237
1108	3/28/2017 22:10	12.871	-0.289	11.589	-0.225
1109	3/28/2017 23:10	11.807	-0.2906	10.492	-0.225
1110	3/29/2017 0:10	10.369	-0.2923	9.139	-0.225
1111	3/29/2017 1:10	10.026	-0.2923	8.891	-0.225
1112	3/29/2017 2:10	8.717	-0.2923	7.795	-0.2264
1113	3/29/2017 3:10	7.82	-0.2923	6.255	-0.2264
1114	3/29/2017 4:10	6.687	-0.2939	5.05	-0.2278
1115	3/29/2017 5:10	6.788	-0.2939	5.77	-0.2278
1116	3/29/2017 6:10	6.788	-0.2939	6.026	-0.2278
1117	3/29/2017 7:10	6.051	-0.2939	5.334	-0.2278
1118	3/29/2017 8:10	5.693	-0.2955	4.947	-0.2292
1119	3/29/2017 9:10	5.924	-0.2939	5.334	-0.2292
1120	3/29/2017 10:10	10.124	-0.2923	11.929	-0.2278
1121	3/29/2017 11:10	21.342	-0.289	21.008	-0.2223
1122	3/29/2017 12:10	29.59	-0.2826	30.52	-0.2196
1123	3/29/2017 13:10	36.444	-0.281	36.065	-0.2169
1124	3/29/2017 14:10	43.921	-0.281	37.015	-0.2183
1125	3/29/2017 15:10	49.513	-0.2779	39.886	-0.2196
1126	3/29/2017 16:10	48.537	-0.2747	42.416	-0.2196
1127	3/29/2017 17:10	44.012	-0.2763	41.414	-0.221
1128	3/29/2017 18:10	39.829	-0.2794	38.143	-0.2237
1129	3/29/2017 19:10	32.587	-0.2826	32.794	-0.2264
1130	3/29/2017 20:10	30.016	-0.2842	28.147	-0.2264
1131	3/29/2017 21:10	19.912	-0.289	17.891	-0.2306
1132	3/29/2017 22:10	16.344	-0.289	14.05	-0.232
1133	3/29/2017 23:10	15.342	-0.289	13.81	-0.232
1134	3/30/2017 0:10	14.218	-0.289	12.871	-0.232
1135	3/30/2017 1:10	13.185	-0.289	11.929	-0.2334
1136	3/30/2017 2:10	12.195	-0.2906	11.224	-0.2348
1137	3/30/2017 3:10	11.419	-0.2923	10.149	-0.2348
1138	3/30/2017 4:10	10.663	-0.2923	9.435	-0.2348
1139	3/30/2017 5:10	10.394	-0.2923	9.435	-0.2348
1140	3/30/2017 6:10	9.682	-0.2923	8.469	-0.2362
1141	3/30/2017 7:10	8.444	-0.2939	6.737	-0.2362
1142	3/30/2017 8:10	7.645	-0.2939	5.616	-0.2362
1143	3/30/2017 9:10	8.045	-0.2939	6.382	-0.2362
1144	3/30/2017 10:10	11.71	-0.2923	12.896	-0.2362
1145	3/30/2017 11:10	21.533	-0.2858	26.769	-0.2306
1146	3/30/2017 12:10	23.881	-0.2858	25.866	-0.2306
1147	3/30/2017 13:10	31.893	-0.281	33.261	-0.2278
1148	3/30/2017 14:10	34.863	-0.2826	33.105	-0.2278
1149	3/30/2017 15:10	40.544	-0.281	38.254	-0.2264
1150	3/30/2017 16:10	42.893	-0.2794	38.924	-0.225
1151	3/30/2017 17:10	44.104	-0.2794	38.365	-0.2264
1152	3/30/2017 18:10	32.562	-0.2826	33.548	-0.2306
1153	3/30/2017 19:10	30.117	-0.2842	29.84	-0.232
1154	3/30/2017 20:10	24.847	-0.2874	22.729	-0.2348
1155	3/30/2017 21:10	16.606	-0.289	14.194	-0.2376
1156	3/30/2017 22:10	14.05	-0.2906	11.904	-0.239
1157	3/30/2017 23:10	12.364	-0.2906	10.418	-0.239
1158	3/31/2017 0:10	11.2	-0.2923	9.287	-0.2404
1159	3/31/2017 1:10	10.1	-0.2923	7.97	-0.2404
1160	3/31/2017 2:10	9.41	-0.2939	7.091	-0.2404
1161	3/31/2017 3:10	8.469	-0.2923	6.535	-0.2419
1162	3/31/2017 4:10	7.519	-0.2939	5.745	-0.2419
1163	3/31/2017 5:10	6.509	-0.2955	4.037	-0.2419
1164	3/31/2017 6:10	5.179	-0.2955	2.021	-0.2433
1165	3/31/2017 7:10	4.947	-0.2955	2.37	-0.2433
1166	3/31/2017 8:10	4.48	-0.2955	2.637	-0.2447
1167	3/31/2017 9:10	4.194	-0.2955	2.021	-0.2447
1168	3/31/2017 10:10	8.891	-0.2939	10.369	-0.2433
1169	3/31/2017 11:10	18.438	-0.2874	19.294	-0.2376
1170	3/31/2017 12:10	24.895	-0.2842	27.235	-0.2348
1171	3/31/2017 13:10	30.167	-0.2842	33.914	-0.2334
1172	3/31/2017 14:10	37.838	-0.281	35.904	-0.2334
1173	3/31/2017 15:10	42.773	-0.281	36.661	-0.232
1174	3/31/2017 16:10	46.13	-0.2794	39.545	-0.232
1175	3/31/2017 17:10	43.284	-0.2794	36.444	-0.2334
1176	3/31/2017 18:10	37.563	-0.2779	33.704	-0.2348
1177	3/31/2017 19:10	30.646	-0.281	28.444	-0.2362
1178	3/31/2017 20:10	24.75	-0.2842	23.737	-0.239
1179	3/31/2017 21:10	16.892	-0.2874	13.858	-0.2419
1180	3/31/2017 22:10	13.834	-0.289	11.637	-0.2433
1181	3/31/2017 23:10	12.268	-0.289	10.124	-0.2433
1182	4/1/2017 0:10	10.98	-0.289	8.99	-0.2447
1183	4/1/2017 1:10	10.173	-0.289	8.494	-0.2447
1184	4/1/2017 2:10	9.287	-0.289	7.645	-0.2447
1185	4/1/2017 3:10	8.295	-0.289	6.813	-0.2447
1186	4/1/2017 4:10	7.87	-0.289	6.636	-0.2447
1187	4/1/2017 5:10	7.318	-0.2906	5.975	-0.2447
1188	4/1/2017 6:10	6.788	-0.2906	5.539	-0.2447
1189	4/1/2017 7:10	6.433	-0.2906	5.36	-0.2462
1190	4/1/2017 8:10	6.204	-0.2906	4.818	-0.2462
1191	4/1/2017 9:10	6	-0.2906	4.895	-0.2462
1192	4/1/2017 10:10	10.345	-0.289	11.443	-0.2447
1193	4/1/2017 11:10	21.413	-0.281	25.38	-0.2376
1194	4/1/2017 12:10	30.117	-0.2826	34.545	-0.2348
1195	4/1/2017 13:10	36.012	-0.2779	41.181	-0.2306
1196	4/1/2017 14:10	43.738	-0.2779	45.814	-0.2306
1197	4/1/2017 15:10	48.205	-0.2763	46.577	-0.2292
1198	4/1/2017 16:10	49.581	-0.2763	45.972	-0.2306
1199	4/1/2017 17:10	47.711	-0.2763	42.923	-0.232
1200	4/1/2017 18:10	40.057	-0.2779	39.29	-0.2334
1201	4/1/2017 19:10	35.931	-0.2779	34.783	-0.2348
1202	4/1/2017 20:10	28.32	-0.281	27.751	-0.2362
1203	4/1/2017 21:10	21.103	-0.2826	19.579	-0.239
1204	4/1/2017 22:10	17.701	-0.2842	15.414	-0.2404
1205	4/1/2017 23:10	16.511	-0.2842	14.481	-0.2419
1206	4/2/2017 0:10	14.529	-0.2842	12.871	-0.2419
1207	4/2/2017 1:10	13.425	-0.2842	11.832	-0.2433
1208	4/2/2017 2:10	12.195	-0.2701	10.785	-0.2433
1209	4/2/2017 3:10	11.248	-0.2701	9.756	-0.2433
1210	4/2/2017 4:10	10.785	-0.2701	9.632	-0.2447
1211	4/2/2017 5:10	9.485	-0.2716	7.645	-0.2447
1212	4/2/2017 6:10	8.742	-0.2716	6.94	-0.2447
1213	4/2/2017 7:10	8.618	-0.2686	6.535	-0.2447
1214	4/2/2017 8:10	8.07	-0.2686	6.153	-0.2462
1215	4/2/2017 9:10	8.27	-0.2686	6.763	-0.2447
1216	4/2/2017 10:10	13.401	-0.2655	12.461	-0.2433
1217	4/2/2017 11:10	23.304	-0.2594	25.623	-0.2376
1218	4/2/2017 12:10	30.091	-0.255	35.662	-0.2334
1219	4/2/2017 13:10	36.146	-0.2535	40.775	-0.2334
1220	4/2/2017 14:10	44.288	-0.258	44.843	-0.232
1221	4/2/2017 15:10	48.871	-0.258	46.226	-0.232
1222	4/2/2017 16:10	50.059	-0.258	44.596	-0.232
1223	4/2/2017 17:10	47.255	-0.258	42.833	-0.2334
1224	4/2/2017 18:10	40.631	-0.2565	40.688	-0.2348
1225	4/2/2017 19:10	36.2	-0.258	35.823	-0.2362
1226	4/2/2017 20:10	30.773	-0.261	28.147	-0.2376
1227	4/2/2017 21:10	22.298	-0.264	19.888	-0.2404
1228	4/2/2017 22:10	19.341	-0.267	16.534	-0.2419
1229	4/2/2017 23:10	17.249	-0.267	14.098	-0.2433
1230	4/3/2017 0:10	15.748	-0.267	13.088	-0.2433
1231	4/3/2017 1:10	14.673	-0.267	11.492	-0.2433
1232	4/3/2017 2:10	13.882	-0.2686	11.2	-0.2447
1233	4/3/2017 3:10	13.209	-0.2686	11.394	-0.2447
1234	4/3/2017 4:10	12.461	-0.2701	10.638	-0.2447
1235	4/3/2017 5:10	11.953	-0.2701	9.805	-0.2447
1236	4/3/2017 6:10	11.297	-0.2686	9.46	-0.2447
1237	4/3/2017 7:10	10.075	-0.2701	7.67	-0.2462
1238	4/3/2017 8:10	10.001	-0.2701	8.643	-0.2462
1239	4/3/2017 9:10	9.558	-0.2701	7.519	-0.2462
1240	4/3/2017 10:10	13.978	-0.267	13.69	-0.2447
1241	4/3/2017 11:10	22.681	-0.2625	27.136	-0.239
1242	4/3/2017 12:10	33.105	-0.2565	36.119	-0.2362
1243	4/3/2017 13:10	34.651	-0.2565	39.686	-0.2348
1244	4/3/2017 14:10	42.208	-0.255	42.149	-0.2348
1245	4/3/2017 15:10	51.137	-0.2565	47.222	-0.232
1246	4/3/2017 16:10	47.974	-0.2655	44.781	-0.2334
1247	4/3/2017 17:10	49.242	-0.264	45.53	-0.2348
1248	4/3/2017 18:10	42.001	-0.264	42.327	-0.2376
1249	4/3/2017 19:10	39.318	-0.2655	37.315	-0.239
1250	4/3/2017 20:10	33.339	-0.2686	29.84	-0.2419
1251	4/3/2017 21:10	21.843	-0.2716	18.58	-0.2447
1252	4/3/2017 22:10	16.82	-0.2747	12.703	-0.2462
1253	4/3/2017 23:10	15.39	-0.2747	11.613	-0.2476
1254	4/4/2017 0:10	13.834	-0.2763	9.928	-0.2476
1255	4/4/2017 1:10	12.944	-0.2763	10.516	-0.2476
1256	4/4/2017 2:10	11.929	-0.2779	9.682	-0.2491
1257	4/4/2017 3:10	10.883	-0.2779	8.792	-0.2491
1258	4/4/2017 4:10	9.682	-0.2779	7.494	-0.2491
1259	4/4/2017 5:10	8.965	-0.2779	7.268	-0.2505
1260	4/4/2017 6:10	8.568	-0.2779	6.661	-0.2505
1261	4/4/2017 7:10	8.245	-0.2779	6.661	-0.2505
1262	4/4/2017 8:10	7.82	-0.2779	6.687	-0.2505
1263	4/4/2017 9:10	7.795	-0.2779	6.636	-0.2505
1264	4/4/2017 10:10	11.783	-0.2763	10.663	-0.2491
1265	4/4/2017 11:10	22.753	-0.2701	22.154	-0.2433
1266	4/4/2017 12:10	32.562	-0.2655	31.331	-0.239
1267	4/4/2017 13:10	44.411	-0.2655	37.425	-0.2362
1268	4/4/2017 14:10	49.242	-0.2686	45.405	-0.2334
1269	4/4/2017 15:10	54.413	-0.2701	49.411	-0.2348
1270	4/4/2017 16:10	51.596	-0.2701	48.172	-0.2362
1271	4/4/2017 17:10	41.795	-0.2716	39.431	-0.2404
1272	4/4/2017 18:10	33.73	-0.2686	31.637	-0.2433
1273	4/4/2017 19:10	35.85	-0.264	33.365	-0.2433
1274	4/4/2017 20:10	28.866	-0.2701	26.134	-0.2447
1275	4/4/2017 21:10	21.819	-0.2716	19.08	-0.2462
1276	4/4/2017 22:10	18.58	-0.2732	15.079	-0.2476
1277	4/4/2017 23:10	17.368	-0.2747	15.127	-0.2491
1278	4/5/2017 0:10	16.01	-0.2779	13.882	-0.2476
1279	4/5/2017 1:10	14.649	-0.281	12.292	-0.2491
1280	4/5/2017 2:10	13.449	-0.2842	11.734	-0.2491
1281	4/5/2017 3:10	12.63	-0.2826	11.029	-0.2505
1282	4/5/2017 4:10	12.025	-0.2826	10.394	-0.2505
1283	4/5/2017 5:10	11.589	-0.2826	10.149	-0.2505
1284	4/5/2017 6:10	10.32	-0.2858	7.469	-0.2505
1285	4/5/2017 7:10	10.149	-0.2874	8.568	-0.2505
1286	4/5/2017 8:10	9.977	-0.2874	8.444	-0.2505
1287	4/5/2017 9:10	10.59	-0.2874	9.386	-0.2505
1288	4/5/2017 10:10	13.57	-0.2858	12.775	-0.2505
1289	4/5/2017 11:10	20.079	-0.2858	20.055	-0.2476
1290	4/5/2017 12:10	33.131	-0.2763	31.791	-0.2419
1291	4/5/2017 13:10	43.193	-0.2732	41.59	-0.239
1292	4/5/2017 14:10	49.991	-0.2732	45.467	-0.2362
1293	4/5/2017 15:10	50.231	-0.2763	46.003	-0.2376
1294	4/5/2017 16:10	46.802	-0.2763	46.003	-0.2376
1295	4/5/2017 17:10	53.001	-0.2747	45.782	-0.2376
1296	4/5/2017 18:10	44.781	-0.2779	40.631	-0.2404
1297	4/5/2017 19:10	39.065	-0.2826	38.115	-0.2433
1298	4/5/2017 20:10	32.639	-0.2842	31.765	-0.2447
1299	4/5/2017 21:10	23.833	-0.289	21.318	-0.2476
1300	4/5/2017 22:10	20.269	-0.289	18.176	-0.2491
1301	4/5/2017 23:10	18.152	-0.2906	14.625	-0.2491
1302	4/6/2017 0:10	17.034	-0.2906	14.673	-0.2505
1303	4/6/2017 1:10	15.867	-0.2923	13.618	-0.2491
1304	4/6/2017 2:10	14.433	-0.2923	11.127	-0.2505
1305	4/6/2017 3:10	13.522	-0.2923	10.516	-0.252
1306	4/6/2017 4:10	12.243	-0.289	9.238	-0.252
1307	4/6/2017 5:10	12.122	-0.289	9.238	-0.252
1308	4/6/2017 6:10	10.663	-0.289	7.368	-0.252
1309	4/6/2017 7:10	10.907	-0.289	8.494	-0.252
1310	4/6/2017 8:10	10.124	-0.289	7.544	-0.252
1311	4/6/2017 9:10	10.687	-0.289	8.568	-0.252
1312	4/6/2017 10:10	14.625	-0.2858	12.968	-0.2505
1313	4/6/2017 11:10	16.63	-0.2858	14.768	-0.2491
1314	4/6/2017 12:10	33.469	-0.2763	30.976	-0.2433
1315	4/6/2017 13:10	40.544	-0.2747	36.688	-0.2404
1316	4/6/2017 14:10	26.622	-0.2826	25.477	-0.2462
1317	4/6/2017 15:10	25.89	-0.2842	25.016	-0.2462
1318	4/6/2017 16:10	33.704	-0.2794	32.639	-0.2433
1319	4/6/2017 17:10	29.815	-0.2826	27.924	-0.2447
1320	4/6/2017 18:10	25.428	-0.2842	24.171	-0.2462
1321	4/6/2017 19:10	36.173	-0.2763	33.992	-0.2447
1322	4/6/2017 20:10	24.968	-0.2842	23.304	-0.2476
1323	4/6/2017 21:10	20.936	-0.2858	19.436	-0.2491
1324	4/6/2017 22:10	18.818	-0.2874	17.748	-0.2505
1325	4/6/2017 23:10	16.773	-0.289	15.008	-0.2505
1326	4/7/2017 0:10	14.146	-0.289	11.54	-0.252
1327	4/7/2017 1:10	12.992	-0.289	10.516	-0.2535
1328	4/7/2017 2:10	12.268	-0.289	9.879	-0.252
1329	4/7/2017 3:10	12.292	-0.289	9.952	-0.2535
1330	4/7/2017 4:10	13.016	-0.289	11.516	-0.2535
1331	4/7/2017 5:10	13.425	-0.289	11.832	-0.2535
1332	4/7/2017 6:10	14.84	-0.289	14.505	-0.2535
1333	4/7/2017 7:10	15.031	-0.289	14.242	-0.2535
1334	4/7/2017 8:10	15.199	-0.289	14.745	-0.2535
1335	4/7/2017 9:10	16.082	-0.289	15.772	-0.252
1336	4/7/2017 10:10	16.844	-0.2874	16.32	-0.252
1337	4/7/2017 11:10	17.486	-0.2874	17.106	-0.2505
1338	4/7/2017 12:10	19.246	-0.2858	19.365	-0.2505
1339	4/7/2017 13:10	21.318	-0.2858	20.484	-0.2491
1340	4/7/2017 14:10	24.919	-0.2842	23.617	-0.2476
1341	4/7/2017 15:10	45.593	-0.2747	37.755	-0.2419
1342	4/7/2017 16:10	39.346	-0.2701	33.183	-0.2433
1343	4/7/2017 17:10	37.315	-0.2716	31.919	-0.2447
1344	4/7/2017 18:10	35.662	-0.2716	31.484	-0.2447
1345	4/7/2017 19:10	30.621	-0.2747	27.112	-0.2462
1346	4/7/2017 20:10	23.28	-0.2779	20.007	-0.2476
1347	4/7/2017 21:10	17.605	-0.2701	19.199	-0.2143
1348	4/7/2017 22:10	16.63	-0.264	20.722	-0.1987
1349	4/7/2017 23:10	16.01	-0.261	20.793	-0.1875
1350	4/8/2017 0:10	13.281	-0.2732	14.146	-0.2038
1351	4/8/2017 1:10	13.738	-0.2763	14.505	-0.2143
1352	4/8/2017 2:10	13.954	-0.2779	14.816	-0.2183
1353	4/8/2017 3:10	13.882	-0.2779	14.888	-0.225
1354	4/8/2017 4:10	13.762	-0.2779	14.314	-0.2334
1355	4/8/2017 5:10	13.618	-0.2794	14.29	-0.2362
1356	4/8/2017 6:10	13.161	-0.2794	14.194	-0.239
1357	4/8/2017 7:10	12.509	-0.2794	12.751	-0.2419
1358	4/8/2017 8:10	11.127	-0.2826	11.394	-0.2462
1359	4/8/2017 9:10	10.907	-0.2826	11.248	-0.2476
1360	4/8/2017 10:10	13.546	-0.281	14.768	-0.2491
1361	4/8/2017 11:10	18.557	-0.2779	19.246	-0.2476
1362	4/8/2017 12:10	27.801	-0.2747	26.646	-0.2476
1363	4/8/2017 13:10	32.355	-0.2747	26.965	-0.2462
1364	4/8/2017 14:10	39.601	-0.2716	34.15	-0.2447
1365	4/8/2017 15:10	41.443	-0.2716	34.942	-0.2447
1366	4/8/2017 16:10	39.318	-0.2716	34.704	-0.2476
1367	4/8/2017 17:10	35.77	-0.2716	29.265	-0.2476
1368	4/8/2017 18:10	34.466	-0.2716	29.665	-0.2491
1369	4/8/2017 19:10	25.55	-0.2779	19.651	-0.252
1370	4/8/2017 20:10	21.413	-0.281	17.748	-0.2535
1371	4/8/2017 21:10	16.606	-0.2826	13.57	-0.255
1372	4/8/2017 22:10	13.016	-0.2842	9.632	-0.255
1373	4/8/2017 23:10	11.394	-0.2858	7.795	-0.2565
1374	4/9/2017 0:10	10.173	-0.2858	6.864	-0.255
1375	4/9/2017 1:10	9.312	-0.2874	6.585	-0.2565
1376	4/9/2017 2:10	8.295	-0.2874	5.77	-0.2565
1377	4/9/2017 3:10	7.469	-0.2874	5.334	-0.258
1378	4/9/2017 4:10	6.914	-0.2874	4.688	-0.258
1379	4/9/2017 5:10	6.813	-0.2858	5.024	-0.258
1380	4/9/2017 6:10	8.22	-0.2874	6.357	-0.2565
1381	4/9/2017 7:10	8.245	-0.2858	6.509	-0.2565
1382	4/9/2017 8:10	7.72	-0.2858	5.949	-0.2565
1383	4/9/2017 9:10	8.22	-0.2858	6.585	-0.258
1384	4/9/2017 10:10	11.565	-0.2842	10.32	-0.2565
1385	4/9/2017 11:10	16.701	-0.281	13.69	-0.2535
1386	4/9/2017 12:10	30.343	-0.2732	24.653	-0.2505
1387	4/9/2017 13:10	41.531	-0.2701	30.192	-0.2462
1388	4/9/2017 14:10	50.786	-0.2686	36.878	-0.2447
1389	4/9/2017 15:10	53.888	-0.2686	42.535	-0.2433
1390	4/9/2017 16:10	54.526	-0.2686	40.343	-0.2462
1391	4/9/2017 17:10	48.371	-0.267	42.714	-0.2462
1392	4/9/2017 18:10	45.499	-0.2686	37.755	-0.2476
1393	4/9/2017 19:10	37.315	-0.2716	35.368	-0.2505
1394	4/9/2017 20:10	25.623	-0.2794	25.234	-0.2535
1395	4/9/2017 21:10	19.508	-0.2826	15.318	-0.255
1396	4/9/2017 22:10	15.509	-0.2842	11.248	-0.2565
1397	4/9/2017 23:10	14.122	-0.2842	11.273	-0.258
1398	4/10/2017 0:10	13.161	-0.2858	10.271	-0.258
1399	4/10/2017 1:10	11.394	-0.2858	8.643	-0.258
1400	4/10/2017 2:10	10.296	-0.2858	7.845	-0.258
1401	4/10/2017 3:10	9.188	-0.2874	6.99	-0.2594
1402	4/10/2017 4:10	8.195	-0.2874	6.23	-0.2594
1403	4/10/2017 5:10	7.368	-0.2874	5.36	-0.2594
1404	4/10/2017 6:10	6.585	-0.289	4.869	-0.261
1405	4/10/2017 7:10	6.153	-0.289	4.428	-0.261
1406	4/10/2017 8:10	5.591	-0.289	3.801	-0.261
1407	4/10/2017 9:10	5.745	-0.289	4.089	-0.261
1408	4/10/2017 10:10	9.928	-0.2858	9.386	-0.258
1409	4/10/2017 11:10	20.674	-0.2794	19.817	-0.2535
1410	4/10/2017 12:10	33.495	-0.2747	28.345	-0.2505
1411	4/10/2017 13:10	43.374	-0.2701	32.201	-0.2462
1412	4/10/2017 14:10	49.14	-0.2701	37.288	-0.2447
1413	4/10/2017 15:10	55.098	-0.2686	43.738	-0.2419
1414	4/10/2017 16:10	58.278	-0.2655	44.565	-0.2447
1415	4/10/2017 17:10	53.553	-0.2655	42.208	-0.2447
1416	4/10/2017 18:10	42.119	-0.2732	537.327	-0.209
